0
0
1
1
1
2
2
3
3
3
4
4
5
5
5
6
6
6
7
7
8
8
9
11
13
15
16
17
18
19
20
22
25
29
32
36
39
42
46
49
52
56
59
63
66
69
73
76
79
83
86
89
91
93
96
98
101
103
105
105
106
107
108
108
109
110
111
112
112
113
114
115
116
117
118
120
120
121
122
124
126
129
133
136
139
143
145
147
149
151
154
156
158
159
160
161
162
163
164
166
168
170
171
172
174
175
176
177
178
179
181
182
184
185
186
187
188
189
190
191
192
193
195
195
196
197
198
199
201
202
203
204
205
206
206
207
207
208
208
209
210
210
211
211
212
212
213
213
213
214
214
214
215
215
216
216
216
217
217
218
218
218
219
219
219
220
220
221
221
221
222
222
223
223
223
224
224
224
225
225
226
226
226
227
227
228
228
228
229
229
229
230
230
231
231
231
232
232
233
233
233
234
234
234
235
235
236
236
236
237
237
238
238
238
239
239
239
240
240
241
241
241
242
242
243
243
243
244
244
244
245
245
246
246
246
247
247
248
248
248
249
249
250
250
250
251
251
251
252
252
253
253
253
254
254
255
0
0
1
1
2
2
2
3
3
4
4
4
5
5
6
6
7
7
8
8
9
10
10
11
12
12
13
14
16
19
23
26
28
30
32
33
35
36
37
38
39
41
42
45
49
52
56
59
62
66
69
72
76
79
83
86
88
91
93
95
96
97
98
98
99
100
100
101
102
102
103
103
104
105
105
106
107
107
108
108
109
110
110
111
111
112
113
113
114
115
115
116
116
117
118
118
119
119
120
120
121
122
123
124
124
125
126
127
128
129
130
132
133
135
136
138
139
141
143
145
148
151
155
158
161
164
167
171
174
177
179
182
184
187
189
191
194
195
196
198
199
200
200
201
201
202
202
203
203
204
204
204
205
205
206
206
207
207
207
208
208
209
209
210
210
210
211
211
212
212
213
213
213
214
214
215
215
216
216
216
217
217
218
218
219
219
220
220
220
221
221
222
222
223
223
224
224
224
225
225
226
226
227
227
228
228
229
230
231
235
236
237
237
238
238
238
239
239
240
240
240
241
241
242
242
242
243
243
244
244
244
245
245
246
246
246
247
247
248
248
248
249
249
250
250
250
251
251
252
252
252
253
253
254
254
255
0
0
1
1
1
2
2
3
3
3
4
4
5
5
5
6
6
7
7
8
8
9
10
10
11
12
13
14
16
19
23
26
28
30
32
33
35
37
38
40
42
43
45
47
48
50
52
54
57
60
64
67
71
73
74
75
77
80
83
85
89
92
95
99
102
105
109
112
114
116
116
117
118
118
119
119
120
121
121
122
123
123
124
124
125
125
126
127
127
128
128
129
129
130
130
131
131
132
132
133
133
134
135
136
137
138
138
139
140
140
141
141
142
142
143
143
144
144
145
145
146
147
147
148
148
149
150
152
153
155
157
158
159
160
161
161
162
162
163
164
165
167
170
171
173
176
178
180
183
186
189
192
196
199
202
206
208
208
209
209
209
210
210
211
211
211
212
212
213
213
214
214
214
215
215
216
216
216
217
217
218
218
218
219
219
220
220
221
221
221
222
222
223
223
223
224
224
225
225
226
226
226
227
227
228
228
229
230
232
235
236
237
237
238
238
239
239
240
240
240
241
241
242
242
242
243
243
244
244
244
245
245
246
246
246
247
247
247
248
248
249
249
249
250
250
251
251
251
252
252
253
253
253
254
254
255
0
0
0
1
1
1
2
2
2
2
3
3
3
4
4
4
5
5
5
5
6
6
6
7
7
7
8
8
8
8
9
9
9
10
10
10
10
11
11
14
17
20
23
26
29
33
36
39
42
45
48
51
54
58
61
64
68
71
74
77
81
84
87
91
94
97
100
104
105
107
109
110
111
113
114
115
116
117
118
119
120
120
121
122
123
124
125
126
127
128
129
129
131
132
133
134
136
139
140
143
145
148
150
151
152
154
154
155
156
157
158
159
161
162
163
165
166
167
168
170
171
173
174
176
178
179
180
182
184
185
186
187
189
190
191
192
193
194
195
197
198
200
202
203
205
206
208
211
213
215
217
219
221
222
224
225
225
225
226
226
226
227
227
227
228
228
228
228
229
229
229
230
230
230
231
231
231
231
232
232
232
233
233
233
233
234
234
234
235
235
235
236
236
236
236
237
237
237
238
238
238
239
239
239
239
240
240
240
241
241
241
241
242
242
242
243
243
243
244
244
244
244
245
245
245
246
246
246
247
247
247
247
248
248
248
249
249
249
249
250
250
250
251
251
251
252
252
252
252
253
253
253
254
254
254
255
0
0
0
1
1
1
2
2
2
3
3
3
4
4
4
5
5
5
6
6
6
6
7
8
10
11
13
15
16
16
17
18
19
23
26
29
33
36
39
43
46
49
53
56
59
62
66
69
72
76
79
82
85
88
91
93
95
99
102
104
106
106
107
107
108
108
109
110
110
111
112
113
113
114
115
115
116
117
118
118
119
120
121
122
123
124
125
126
127
129
131
133
135
136
138
140
142
144
148
151
154
157
160
164
167
170
173
176
178
180
181
183
184
185
185
186
187
187
188
189
190
191
192
192
193
194
195
196
197
198
199
200
200
201
203
204
205
207
208
211
212
214
215
216
217
218
220
220
221
221
221
222
222
222
222
223
223
223
224
224
224
225
225
225
226
226
226
227
227
227
228
228
228
229
229
229
229
230
230
230
231
231
231
232
232
232
233
233
233
234
234
234
235
235
235
235
236
236
236
237
237
237
238
238
238
239
239
239
240
240
240
241
241
241
242
242
242
242
243
243
243
244
244
244
245
245
245
246
246
246
247
247
247
248
248
248
248
249
249
249
250
250
250
251
251
251
252
252
252
253
253
253
254
254
254
255
0
1
1
2
2
3
3
4
4
5
5
6
6
7
8
8
9
9
10
10
11
11
12
12
13
14
14
15
16
17
18
19
21
23
26
27
29
30
31
31
32
33
34
36
37
39
41
44
48
52
54
56
57
58
59
60
61
62
64
66
69
71
72
73
74
75
75
76
77
77
78
79
79
80
80
81
82
83
83
84
85
85
86
87
87
88
89
89
90
91
91
92
93
94
94
95
96
97
98
100
103
105
106
107
107
108
109
110
111
112
113
114
114
116
117
118
119
119
120
121
122
123
124
125
125
126
127
128
129
130
131
132
133
134
135
136
138
139
141
143
144
146
147
149
151
153
155
156
157
158
159
160
160
161
162
163
163
164
165
166
166
167
168
169
169
170
171
172
172
173
174
174
175
176
177
178
178
179
180
181
182
182
183
184
185
185
186
187
188
189
189
190
191
192
193
194
194
195
196
197
198
199
200
201
203
205
208
211
215
218
222
225
228
229
230
231
231
232
232
233
234
234
235
235
236
236
237
237
238
239
239
240
240
241
241
242
243
243
244
244
245
246
247
247
248
249
249
250
251
251
252
252
253
253
254
255
0
1
1
2
2
3
3
4
4
5
6
6
7
7
8
8
9
9
10
11
11
12
12
13
14
14
15
16
16
17
18
19
20
23
26
27
29
30
31
31
32
33
34
35
36
38
39
40
42
46
49
53
56
59
61
62
63
64
65
65
66
67
68
69
69
70
72
75
76
78
80
81
81
82
83
83
84
85
85
86
87
87
88
89
89
90
91
92
92
93
94
94
95
96
96
97
98
99
99
100
101
102
102
103
104
105
106
106
107
108
109
110
110
111
112
113
113
114
115
116
117
118
118
119
120
121
122
123
124
125
126
126
127
128
129
130
131
132
133
133
134
136
138
141
143
146
149
153
156
158
159
160
161
162
163
164
165
166
167
168
169
169
170
171
172
172
173
174
174
175
176
177
177
178
179
180
180
181
182
183
183
184
185
186
186
187
188
189
190
190
191
192
193
193
194
195
196
197
198
198
199
200
201
202
204
205
208
211
215
218
222
225
227
228
229
230
231
231
232
233
233
234
234
235
235
236
237
237
238
238
239
240
240
241
241
242
242
243
244
244
245
245
246
247
248
249
249
250
251
251
252
252
253
253
254
255
0
0
0
1
1
1
1
2
2
2
2
3
3
3
3
4
4
4
4
5
5
5
5
6
6
6
6
7
7
7
8
8
9
13
16
17
18
20
23
27
30
33
36
40
43
46
49
52
55
59
62
65
68
69
71
73
76
79
81
83
85
87
88
90
91
94
97
100
104
107
109
111
112
112
113
114
115
115
116
117
118
119
120
121
122
123
125
126
127
128
130
131
132
134
135
137
138
139
139
140
141
142
143
143
144
144
145
145
145
146
147
147
148
148
148
149
149
150
150
151
151
152
153
154
154
155
156
156
157
157
158
158
159
160
160
161
161
162
163
166
169
172
175
179
182
185
187
189
191
192
193
195
196
199
200
201
202
203
204
206
207
209
210
211
213
214
216
217
219
220
221
223
224
226
227
229
230
232
233
234
235
235
236
236
236
237
237
237
237
238
238
238
238
239
239
239
239
240
240
240
240
241
241
241
241
242
242
242
242
243
243
243
244
244
244
244
245
245
245
245
246
246
246
246
247
247
247
247
248
248
248
248
249
249
249
249
250
250
250
250
251
251
251
251
252
252
252
252
253
253
253
253
254
254
254
255
0
0
1
1
1
2
2
2
3
3
3
4
4
4
5
5
5
6
6
6
7
7
8
9
11
13
15
16
17
18
18
19
20
21
24
27
31
34
37
40
43
47
50
53
57
60
63
65
66
67
69
70
71
72
73
74
74
75
75
76
77
78
79
79
80
81
82
83
84
85
86
87
88
88
89
89
90
91
91
92
93
94
95
95
96
96
97
98
99
101
104
107
109
110
112
113
115
117
118
119
120
122
125
129
131
134
138
141
144
148
151
154
158
161
164
168
171
174
176
177
178
179
180
181
182
183
184
185
187
189
191
193
195
197
198
199
200
201
202
203
204
205
205
206
207
208
209
210
210
211
213
214
215
216
217
218
219
220
221
222
222
223
223
223
224
224
224
225
225
225
226
226
226
227
227
227
228
228
228
229
229
230
230
230
231
231
231
232
232
232
233
233
233
234
234
234
235
235
235
236
236
236
237
237
237
238
238
238
239
239
239
240
240
240
241
241
241
242
242
242
243
243
243
244
244
244
245
245
245
246
246
246
247
247
247
248
248
248
249
249
249
250
250
250
251
251
251
252
252
252
253
253
253
254
254
255
0
0
1
1
1
2
2
3
3
3
4
4
4
5
5
6
6
6
7
7
8
8
8
9
9
10
10
11
11
12
13
14
16
19
23
24
26
27
27
28
28
29
30
33
36
39
43
46
48
49
50
51
53
54
55
56
57
57
58
59
60
60
61
62
62
63
64
64
65
65
66
67
67
68
68
69
69
70
70
71
71
72
72
73
73
74
74
75
76
76
77
78
78
79
80
81
82
83
84
85
87
88
89
91
93
94
97
99
101
103
105
106
108
110
112
114
115
116
118
119
120
122
124
125
128
131
135
138
141
145
148
150
152
154
156
158
160
161
163
164
165
167
168
169
170
171
172
173
175
176
177
178
179
180
181
182
182
183
184
185
186
187
188
188
189
189
190
190
191
192
192
193
193
194
195
195
196
196
197
198
198
199
199
200
200
201
202
202
203
203
204
205
205
206
207
207
208
209
209
210
211
212
212
213
214
216
218
222
225
229
232
235
237
238
239
239
240
240
240
241
241
241
242
242
243
243
243
244
244
245
245
245
246
246
246
247
247
248
248
248
249
249
250
250
250
251
251
251
252
252
253
253
253
254
254
255
0
0
1
1
2
2
3
3
4
4
5
5
6
6
7
7
8
8
9
9
9
10
10
11
11
12
12
13
14
14
15
16
17
21
24
26
28
30
33
37
38
39
40
40
41
42
42
43
43
44
45
45
46
46
47
48
48
49
49
50
50
51
51
52
52
53
54
54
55
55
56
56
57
57
58
58
59
60
60
61
61
62
62
63
64
64
65
66
66
67
68
68
69
69
70
71
71
72
73
73
74
75
75
76
77
77
78
79
80
80
81
82
83
84
84
85
86
87
88
89
90
90
91
93
95
98
101
104
106
107
109
109
110
111
112
113
116
118
121
125
128
132
135
139
142
146
149
152
155
159
162
164
167
169
172
175
176
177
178
178
179
180
180
181
182
182
183
184
184
185
185
186
187
187
188
189
189
190
191
191
192
193
193
194
194
195
196
196
197
198
198
199
200
201
201
202
203
203
204
205
206
207
208
209
210
211
214
217
221
224
227
231
233
234
235
235
236
236
237
237
238
238
239
239
240
240
241
241
242
242
243
243
244
244
245
245
245
246
246
247
247
248
248
249
249
250
250
251
251
252
252
253
253
254
254
255
0
0
1
1
1
2
2
2
3
3
3
4
4
4
5
5
5
6
6
6
7
7
7
8
8
8
9
9
10
10
11
14
18
21
24
28
31
34
38
40
42
42
43
45
46
48
50
51
52
53
54
56
57
57
58
59
60
60
61
62
62
63
63
64
64
65
65
65
66
66
67
67
68
68
69
70
71
71
72
73
73
74
75
75
76
76
77
77
78
78
79
79
80
80
80
81
81
82
82
83
84
84
85
86
86
87
88
89
90
91
91
92
93
94
95
96
97
98
100
101
103
105
107
108
110
111
113
115
118
119
121
124
127
131
134
137
141
144
147
151
154
157
161
164
167
171
174
177
181
184
186
188
190
192
194
197
199
201
202
204
206
208
210
212
214
218
221
223
223
224
225
225
225
226
226
227
227
228
228
228
229
229
229
230
230
230
231
231
231
232
232
232
233
233
233
234
234
234
235
235
236
236
236
237
237
237
238
238
238
239
239
239
240
240
240
241
241
241
242
242
242
243
243
243
244
244
244
245
245
246
246
246
247
247
247
248
248
248
249
249
249
250
250
250
251
251
251
252
252
252
253
253
253
254
254
255
0
1
1
2
2
3
3
4
4
5
6
6
7
8
9
10
10
11
11
12
13
13
14
14
15
16
18
19
20
20
21
22
23
24
25
28
30
33
37
39
42
46
49
52
53
54
55
56
57
58
59
61
62
63
64
65
66
67
68
69
70
71
73
74
74
76
77
78
79
80
81
82
84
86
90
93
97
100
104
105
107
108
110
111
112
114
115
116
117
118
120
122
124
126
129
131
135
138
142
145
149
152
155
157
159
160
161
162
162
163
164
164
165
166
166
167
169
171
172
173
174
175
176
177
178
178
179
180
181
181
182
183
183
184
185
186
187
188
188
189
190
190
191
192
192
193
193
194
195
195
196
196
197
198
198
199
199
200
200
201
202
202
203
203
204
205
205
206
206
207
207
208
208
209
210
210
211
211
212
212
213
213
214
215
215
216
216
217
217
218
218
219
220
220
221
221
222
222
223
223
224
225
225
226
226
227
227
228
228
229
230
230
231
231
232
232
233
233
234
235
235
236
236
237
237
238
238
239
240
240
241
241
242
242
243
243
244
245
245
246
246
247
247
248
248
249
250
250
251
251
252
252
253
253
254
255
0
1
2
2
3
4
5
5
6
7
8
8
9
10
12
13
13
14
15
16
16
17
18
19
19
20
21
22
22
23
24
24
25
26
27
28
28
29
30
31
31
32
33
34
35
36
37
38
39
40
41
43
44
45
47
48
49
50
51
52
53
54
55
56
58
59
60
61
63
64
65
67
68
71
75
78
82
86
89
91
92
93
94
95
96
97
97
98
99
100
101
101
102
103
104
105
105
106
107
108
108
109
110
111
112
114
115
117
118
119
120
121
122
123
124
125
125
126
127
128
129
130
130
131
132
133
134
135
136
137
137
138
139
140
141
142
143
144
145
146
147
148
149
150
151
152
153
154
155
156
157
158
159
160
160
161
162
163
164
165
167
168
169
170
171
172
173
173
174
175
176
177
177
178
179
180
180
181
182
183
184
184
185
186
187
188
189
189
190
191
192
193
193
194
195
196
197
197
198
199
200
201
202
203
203
205
206
208
212
216
219
221
222
223
224
225
226
227
227
228
229
230
230
231
232
232
233
234
235
235
236
237
238
238
239
240
241
241
242
243
243
244
245
246
246
247
248
249
249
250
251
252
252
253
254
255
0
1
2
3
3
4
5
6
7
7
8
9
10
11
13
14
14
15
16
17
18
18
19
20
21
22
22
23
24
25
26
26
27
28
29
30
30
31
32
33
34
34
35
36
37
38
39
40
41
42
44
46
47
48
49
50
51
52
54
55
56
57
58
59
61
62
63
65
66
67
69
70
72
75
79
83
86
90
94
96
97
98
99
100
100
101
102
103
104
105
106
106
107
108
109
110
111
111
112
113
114
115
116
116
117
118
119
120
121
121
122
123
124
125
125
126
127
128
129
130
130
131
132
133
134
134
135
136
137
138
139
139
140
141
142
143
144
144
145
146
147
148
149
149
150
151
152
153
154
154
155
156
157
158
159
159
160
161
162
163
164
164
165
166
167
168
169
170
170
171
172
173
174
174
175
176
177
178
179
179
180
181
182
183
184
185
185
186
187
188
189
190
191
191
192
193
194
195
196
197
197
198
199
200
201
202
203
205
209
213
216
218
219
221
222
223
223
224
225
226
227
227
228
229
230
231
231
232
233
234
235
235
236
237
238
239
239
240
241
242
243
243
244
245
246
247
247
248
249
250
251
251
252
253
254
255
0
1
2
2
3
4
5
5
6
7
7
8
9
10
11
12
13
14
15
15
16
17
18
18
19
20
21
21
22
23
24
25
27
29
31
32
33
34
35
35
36
37
38
39
39
40
41
42
43
45
46
48
49
50
51
52
53
54
55
56
57
58
59
60
61
62
63
64
66
67
68
69
71
73
77
81
84
88
91
93
94
95
96
97
97
98
99
100
101
103
104
105
106
107
108
109
110
111
112
113
114
115
116
116
117
118
119
121
122
123
125
126
127
128
129
130
131
132
133
135
136
137
138
139
140
141
142
143
145
146
147
148
149
150
152
153
154
155
156
157
158
159
160
161
162
163
164
165
166
167
168
169
171
172
173
175
176
177
178
180
181
182
183
184
185
186
188
189
190
191
192
193
194
194
195
196
197
198
199
199
200
201
202
202
203
204
205
205
206
207
208
208
209
210
210
211
212
213
213
214
215
216
216
217
218
218
219
220
221
221
222
223
223
224
225
226
226
227
228
229
229
230
231
231
232
233
234
234
235
236
236
237
238
239
239
240
241
242
242
243
244
244
245
246
247
247
248
249
249
250
251
252
252
253
254
255
