# v_p0  v_p1  v_p2
1974504 0 105022
2489066 0 14106
3055460 0 -68276
1854676 0 103402
2460480 0 -16668
3474464 0 -130536
3574044 0 -215778
4296640 0 -322368
5579770 0 -446840
4606398 0 -343920
7437636 0 -583774
7478856 0 -574934
7345598 0 -539134
7153734 0 -611036
7484086 0 -586500
7313962 0 -467782
7977688 0 -320276
8132570 0 -374036
7938434 0 -412052
7349094 0 -78320
6934646 0 23688
6801196 0 60694
6524646 0 53682
6361210 0 54096
6326138 0 29520
6807726 0 -45084
7334518 0 -75408
7352398 0 -63938
7422240 0 -175948
7378472 0 -123964
7558790 0 -97706
7270902 0 -107904
6980230 0 -130328
6697626 0 -119136
6397596 0 -80860
6204644 0 -53326
6065178 0 -31824
5868384 0 -10786
5893662 0 39210
5983180 0 72904
6124230 0 32808
6435446 0 -26340
6707202 0 -74672
6386008 0 -74690
6348938 0 -92964
6528098 0 -106048
6607278 0 -106864
6826808 0 -86248
6882186 0 -100662
7119056 0 -124768
7363232 0 -117746
7805278 0 -135728
8799998 0 -243826
8964970 0 -298034
8808604 0 -310936
8621444 0 -297786
8102608 0 -251420
8115032 0 -254650
8182308 0 -247720
8182536 0 -221246
7664062 0 -137576
7024302 0 -63636
6859896 0 -64550
6819576 0 -119764
6779082 0 -100922
7253232 0 -206298
7002904 0 157538
6581076 0 -225842
5334352 0 -271004
5994248 0 -258774
5674054 0 -396594
3129582 0 -89158
2838256 0 204648
2238014 0 147250
4727020 0 16122
2236750 0 75496
4443066 0 -195426
2594872 0 -45180
4971594 0 -454408
6458582 0 -489438
2215831 159197 37921
2544097 12907 -6045
2919216 -110395 -34565
2047107 172155 59036
2440220 -31447 -14805
3140639 -185309 -30504
3104710 -335005 -90268
3627249 -513557 -150984
4685654 -724028 -225728
3904176 -550154 -166216
6397426 -995762 -358225
6478244 -989196 -364448
6390194 -921859 -333462
6041432 -1033635 -363449
6426091 -993195 -352653
6505103 -807742 -299365
7698490 -653325 -339466
7688466 -720243 -338656
7399841 -774755 -348803
7420167 -208342 -150968
7009845 26188 -2279
7052996 50237 -33395
6736849 48278 -24340
6548246 57714 -11636
6459347 19421 -21799
6896599 -139566 -110937
7336143 -180083 -113381
7345474 -150681 -92323
7351054 -387433 -226491
7339153 -278369 -165183
7573610 -237125 -152807
7204195 -232392 -128420
6866122 -266408 -137855
6590808 -244104 -125352
6348511 -174937 -96752
6149843 -108970 -53507
6056908 -74806 -44162
5891999 -34641 -27667
6004408 51467 3942
6146257 111690 28383
6211402 44486 5874
6454107 -69761 -48458
6642497 -152858 -79375
6289378 -140743 -63651
6194021 -162645 -62321
6335556 -179660 -63328
6408290 -179176 -61389
6688611 -152515 -60473
6736176 -183685 -78051
6924859 -222830 -90235
7203867 -219303 -96944
7646760 -261995 -124049
8445236 -444566 -188508
8469166 -520457 -199909
8244262 -525637 -185437
8066979 -497755 -170553
7610994 -411988 -132624
7618262 -417697 -134892
7705510 -408633 -134354
7775391 -371982 -129093
7443918 -246988 -97715
6934468 -121985 -52256
6838302 -146489 -85934
6719615 -244077 -128869
6693496 -199659 -106037
7077042 -416714 -218658
7122083 321364 173622
6226411 -401615 -161916
4718647 -411579 -101096
5653921 -483703 -217686
4831968 -625675 -176775
2877812 -117592 -9019
3123395 377344 164339
2452963 270420 114153
4487099 130184 141929
2319604 147479 71542
4124532 -343915 -134087
2483079 -62942 -11363
4006566 -715813 -202330
5496524 -799075 -255668
2616788 119925 -70682
2595464 -27096 -30210
2694245 -130939 8990
2423567 209958 -18316
2415903 -69537 -25597
2748414 -124499 67944
2343904 -321192 89611
2503573 -546532 96110
3114655 -818092 107268
2686960 -598233 101386
4290627 -1298995 41105
4401225 -1324791 18607
4450145 -1212140 29897
3792095 -1296582 87887
4253527 -1256261 83435
4800022 -1083196 16869
6473914 -1254236 -225743
6252016 -1233639 -146854
5815276 -1261006 -112237
7332463 -658483 -293772
7299449 -93305 -137060
7470171 -221117 -242126
7100278 -173016 -201230
6966617 -142352 -203141
6759581 -165401 -176789
6848421 -475205 -218245
7214921 -491975 -202519
7259814 -408749 -173056
6794322 -892086 -259901
6971373 -660416 -206893
7322810 -625423 -227535
6893308 -517956 -155094
6454076 -541997 -134386
6246273 -503556 -137216
6145051 -400456 -131681
5976916 -209115 -47796
5963372 -178127 -58018
5831520 -101675 -31022
6165580 -2377 -53027
6474467 69954 -70629
6373845 -2416 -53202
6368739 -193367 -67891
6376460 -303650 -63820
6020396 -238694 -30622
5862808 -230042 -6091
5967752 -235439 3414
6040486 -228725 6853
6409968 -235031 -24956
6383627 -292874 -30172
6463266 -327757 -12391
6771345 -356750 -36370
7130684 -453039 -57461
7536436 -684973 -44620
7374477 -723186 -2626
7127894 -676754 28592
6973773 -608084 54445
6701813 -473859 61426
6674025 -471467 73371
6774186 -466352 71492
6937476 -455461 46880
6923574 -348103 -4668
6743046 -207295 -40995
6729043 -370233 -147207
6245159 -473654 -80274
6216088 -362305 -23793
6355860 -835186 -178084
7835540 596987 66367
5317883 -562306 15890
3916173 -411778 61612
4718540 -810271 -96908
3501498 -658109 109363
2551510 -16069 98692
4023824 545729 -18935
3082724 384426 -11564
5005570 382063 32536
2664768 240069 8392
3351741 -464700 19408
2306503 -30950 42625
2322424 -692685 205273
3774373 -930106 101273
2676287 -49210 -80697
2514349 -82950 -19539
2539569 -95795 26186
2718870 115628 -73706
2327279 -130327 -30359
2817436 -34257 6453
2051520 -85329 126920
1958544 -274068 152574
2212020 -462991 217263
2002088 -269648 206165
2726899 -1001108 214251
2740632 -1052389 216332
2991770 -956712 186582
2217753 -865965 294101
2650147 -809611 321664
3450499 -857015 175773
4399398 -1407311 84421
4345890 -1240657 132179
3873099 -1173176 190191
6237052 -1230627 -230709
7384311 -546502 -305204
7129985 -817461 -316374
6843704 -676524 -270987
6846876 -704503 -328956
6597659 -647503 -278159
6090691 -911256 -191099
6563155 -941967 -229077
6790599 -827236 -234499
5300355 -1274918 -88791
5940401 -1013863 -125869
6380199 -1058564 -185198
6209378 -827548 -150032
5681649 -769717 -85421
5579034 -773173 -124550
5637542 -684206 -145602
5773501 -322203 -73508
5787586 -318212 -88126
5666773 -144806 -14037
6150820 -137191 -76305
6605959 -152338 -142815
6414184 -163453 -104644
6100124 -324790 -64115
5953411 -398437 -33990
5680639 -262170 6378
5568647 -207854 25099
5682804 -194146 32941
5786587 -191435 25025
6105793 -264756 -2521
5956121 -302793 23601
5986927 -280551 59001
6200414 -340546 56575
6365583 -442268 75142
6478946 -603028 127852
6371035 -571117 145711
6312797 -497876 124418
6171819 -345983 190639
6154434 -256561 137556
6062578 -193656 190087
6178870 -199945 180401
6408105 -264011 117678
6488775 -299463 41916
6582458 -322511 -83701
6191798 -681660 -141222
5350513 -464639 97719
5350443 -180064 222446
4862062 -979010 66457
9210720 393744 -300180
4447784 -343240 189368
3675184 -328682 8456
3423376 -810259 105336
2966879 -400152 112633
2670433 183005 83765
4998111 259849 -256953
3629175 242357 -108872
6112165 61335 -335585
3091840 157471 -86463
2683709 -292967 139852
2221507 102240 92840
1615770 -106397 333437
2720212 -567632 229053
2380046 -131628 4653
2355816 -89526 10744
2431711 -23469 46350
2832491 -70791 -111648
2118392 -167128 -5270
2907040 -100343 -58606
2224615 109329 60177
1941045 -19977 98917
2025957 -56280 187003
2045606 108710 154568
2027650 -606418 171921
1897564 -606347 223075
2274738 -605347 161095
1778506 -327176 229821
2276430 -189719 270137
2798683 -512233 163145
2724879 -1008725 278777
3098840 -856936 215248
2747379 -668997 275763
4171403 -1387447 84031
6394507 -1138460 -243607
5540823 -1255743 -86530
5520948 -1060601 -82057
5393816 -1205715 -121671
5283434 -1055803 -85575
4627704 -1119195 -4736
5060448 -1262085 -61999
5506018 -1217721 -125008
3421605 -1170072 184305
4454816 -1088923 55015
4794657 -1266072 -8881
5082270 -1065313 -74372
4593466 -831813 34458
4406553 -910148 13421
4595844 -893834 -40019
5426800 -506442 -101293
5457704 -539692 -129100
5599054 -204470 -58573
5978193 -304983 -96681
6316916 -448605 -147660
6164307 -389694 -115697
5769610 -472790 -92315
5581520 -482170 -62180
5452062 -250563 -5268
5413601 -165315 11751
5503634 -122398 41414
5662567 -160206 3328
5815662 -253460 10176
5636509 -224151 46599
5763483 -144693 63262
5753677 -140817 141968
5779523 -171196 190910
5823156 -235862 225809
5913377 -239163 167546
5994656 -267955 98719
5933700 85393 236273
6088381 1420 112757
6026436 207343 207489
6212526 156494 158006
6513320 -131396 -7800
6181192 -197591 67561
6142565 -507039 -73039
4793082 -726883 147903
4770757 -131406 214554
5412113 353546 232236
3453296 -552328 333641
9859043 -551396 -602111
4436981 16901 126218
3324555 -326719 18430
2515714 -457485 219165
2821093 -265808 35747
3143796 248805 -23446
5008297 -306653 -270508
3607166 83228 -32313
5686420 -624522 -275609
3117690 -19704 -68587
2537889 1283 140062
2370048 321033 118659
2221795 400765 142998
2501836 -154747 170091
2114259 -36100 80555
2249557 -49258 26443
2471609 71089 40159
2580567 -273615 -77821
1921982 -159291 8870
2695894 -200844 -33154
2586190 126536 -41009
2204079 86545 3318
2330265 232005 96677
2683263 237217 -38595
1701072 -330048 113283
1556812 -190911 198899
1859580 -311364 143226
1884998 11945 119776
2755074 145654 61805
2464247 -209116 152075
2070817 -467365 244374
2596771 -499206 142663
2567949 -220651 165871
2561284 -1003619 257187
4490544 -1360246 28887
3678283 -1124883 193225
3937584 -967537 154848
3404060 -1081871 230114
3581009 -908257 213886
3193513 -944896 162846
3255341 -1123701 192813
3691114 -1221432 122846
2323104 -691295 254849
3204331 -841667 173839
3179559 -1087610 173904
3639411 -1063312 83290
3592520 -639737 144600
3127010 -671010 216481
3269931 -769858 165349
4634560 -637374 -9586
4673394 -760602 -73045
5468779 -396014 -128700
5661523 -540275 -140547
5671241 -717992 -121461
5596256 -593980 -84043
5242298 -688305 -114034
5116124 -658112 -105269
5342301 -330693 -80302
5404391 -204795 -61236
5462003 -52485 21995
5640026 -214210 -65281
5694883 -279588 -50461
5642838 -202082 -44709
5930625 -125118 -62415
5790812 147776 127350
5861621 209968 164197
6008868 151260 130560
6151826 -37950 10543
5759993 -74441 124959
6269247 546609 227224
6316468 159670 50868
6654137 536715 100341
6810073 335910 11642
6628978 -309740 -147325
5833907 27438 175803
5172225 -475855 125580
3516446 -32406 519745
4914743 271600 183702
6952017 371270 -256513
3451747 75321 235272
8301083 -1637051 -408782
5023861 29481 -107647
2875709 -211965 93180
2434639 -81153 141567
2509636 -177671 73066
3582040 86479 -135809
3999365 -641956 -47919
3562870 98600 23898
4266831 -881375 2017
2825075 -51682 37950
2898123 182675 28329
3021126 478999 14315
3270173 400597 -125998
2783403 46883 30994
2172587 130332 76201
2152126 30438 63337
2591994 134515 33013
1932948 -292201 74239
1714567 -120170 37505
2352510 -209349 24380
2689668 11285 -55153
2496725 -16720 -104187
2947779 284568 -53411
3171382 -20074 -196744
1500188 -121421 102480
1664500 167436 148700
1687514 -19535 145817
2141794 182136 52864
3199994 112055 -70005
2437108 91255 138300
2063338 -91960 131150
2286384 -255848 114409
2708050 -4509 60338
1916987 -526808 207825
2836449 -1095559 206683
2737374 -683521 209138
3110607 -608773 171604
2480108 -512311 283338
2905598 -424662 218212
2399183 -585227 175473
2210250 -632298 262741
2379130 -824260 243577
2099980 -290354 143906
2595194 -504651 147619
2200632 -680028 214040
2455470 -767759 195239
3182724 -368388 105679
2749719 -220607 188126
2568616 -343914 225521
3767189 -524321 109445
3584084 -772175 61409
4812323 -619726 -66518
4921630 -812569 -113577
4676149 -894968 -42530
4797251 -702721 -21114
4224286 -832918 -6736
4153652 -798721 -7720
4979982 -537168 -109714
5284282 -414217 -139737
5627200 -92966 -77002
5516399 -431196 -147836
5550164 -483733 -148748
5687575 -449752 -198536
6036433 -418499 -219259
6466722 226602 -76229
6733327 315137 -89446
6856141 137350 -162047
6550124 -249763 -214867
5539665 310393 264168
7263336 910637 115274
6614019 209416 2909
7882414 461223 -203632
7393966 208509 -118513
5941368 -535136 -37468
5993965 440342 205349
4743858 -111093 181072
4393316 935628 342537
5544422 562132 94201
7420289 -466667 -470575
4332663 232224 -66909
5263344 -1936743 111885
4948372 -250093 -122640
2773560 -16267 87776
2716229 75837 22786
2262424 51231 148753
3574900 -230558 -162819
2848943 -486499 195979
3807325 86772 -38996
3207469 -752532 102778
2769497 72847 65472
3341388 103216 -96329
3815964 333630 -147225
3611299 62212 -172740
3004164 12238 -48963
2433963 246268 45884
2083589 235761 146699
2587165 269179 118433
1399350 31170 241838
1457997 33734 126059
2007624 -84459 106876
2376839 23053 82205
2334117 -233656 -88303
3408108 42380 -176816
2784218 -364815 -115731
1478618 87503 103620
2268505 329116 117
1872842 245910 115303
2500107 224553 -12360
3183378 -11856 -43093
2917881 257209 10242
2328245 48702 11693
2193138 -40040 91325
2898669 43264 -11340
1660545 -165938 170482
1952660 -667783 208140
2503917 -398021 81880
2851218 -365833 77376
2646062 -144675 78362
3035290 -174793 40154
2157126 -321255 87874
2077837 -219666 140979
1905259 -379640 190885
2048124 -77840 88563
2393973 -294350 65400
1823884 -301023 166892
1963761 -397352 157645
3131427 -272743 -6271
3157611 -73102 -42323
2762676 -34667 66347
3430811 -317688 74557
2756727 -567515 127436
3738662 -559521 134651
3687762 -893699 45324
3467083 -840048 99760
3963239 -679692 38547
3072826 -670642 159520
3021156 -632084 165583
4109214 -662760 2956
4568192 -646177 -62085
5654028 -364313 -182807
4845872 -710570 -106037
4821899 -767863 -105950
4952180 -853696 -163443
5269279 -839976 -161758
7092394 -193887 -329380
7501525 -176021 -379843
7205384 -432597 -368621
6067936 -727739 -217470
6443529 763176 110136
8973166 832863 -234132
7024152 136541 -96436
8661892 -260505 -485959
7417279 -17481 -89559
5066546 -417204 127464
7226821 602959 -91043
5451123 -41370 -144104
6908897 981287 -304646
6812242 481130 -216424
5551041 -989879 2793
4659339 -35595 -162525
2852589 -1341135 433846
4263240 -326530 41629
2944907 105661 35180
2903956 60859 -26972
2551825 332773 107971
2890690 -433244 -16228
2392117 30090 291060
3831173 -5346 -32284
2445131 -496937 160771
3089265 120222 -27161
3295209 -95043 -76096
3916876 39995 -111575
3218695 -141799 -26474
2802103 -24518 32527
2724800 332893 44705
2532591 531825 118878
2932690 563866 147022
1676002 550995 247552
1533712 349524 173706
1921538 199261 166392
2233962 330747 214698
1710959 -264480 67227
3156075 -290434 -123585
1933380 -398057 79455
1775512 255326 51339
2801798 194888 -112749
2318149 428822 69924
2768942 159179 -44390
3060497 -52904 -5587
3445425 123495 -130081
2473791 6801 -37851
2402979 65610 9079
2998773 -22837 -49143
1650445 181757 177360
1613335 -314237 145189
2259807 -294609 39232
2596235 -247897 55522
2775380 -130457 -32697
2960446 -161304 1069
2013364 -208723 37189
2200095 -62882 30955
1845113 -76603 120763
2083495 95082 76687
2208155 -202158 39388
1747491 -1135 135696
1904705 -183186 61475
2915489 -337767 -43581
3171268 -274487 -120433
3048771 -64988 -73418
3328802 -255628 -1741
2308181 -308518 132280
3154039 -165113 226793
2528430 -628811 211011
2618095 -557681 162446
3306210 -587639 48559
2571910 -319106 162327
2584758 -273398 158947
3184186 -504112 144983
3458418 -562309 148041
4907812 -674761 -88459
3668088 -746388 80866
3617414 -809874 66760
3458788 -942961 83822
3825025 -932528 70143
6454364 -864926 -284085
6792054 -936248 -316203
6074434 -1058619 -208667
4650988 -933324 26051
8398483 441365 -451985
10298510 -53628 -622694
7481557 -262337 -312401
7607156 -1157924 -342053
7406417 -199841 -130765
5042066 -247042 -75
8505584 -3158 -497836
5535857 -560599 -304008
8005449 16907 -553641
7527052 -262370 -467730
4006899 -577377 318788
4338148 -301419 -99628
2033008 -474703 397863
4025383 -217712 27383
3156629 131735 -3715
2958945 -4112 -38627
3345380 372824 -75479
2126741 -277516 153495
3137343 443926 79686
3766777 -34401 -14083
2135845 -165188 151995
3288369 -12726 -87350
2924584 -133950 30233
3536435 -16350 51296
2956360 -109635 30394
2578415 170552 155401
3216886 385129 -10887
3641501 556420 -115741
4147151 645068 -106706
2905931 850389 27401
2327640 592737 39397
2463998 469398 79717
2861530 753073 178636
1301591 5316 183830
2353823 -335627 79918
1431814 -115508 181699
2314620 241934 -69381
2764856 12938 -54011
2967161 501934 -6974
2853655 83515 -29451
2994825 -58500 -1513
3409562 -147547 -120249
2317955 -13363 25533
2524752 37300 -20134
2882188 -105184 -27203
2171149 476839 96606
1595870 -102586 65576
1963210 -195480 60215
2378660 -119563 69153
2511146 -157087 16761
2723115 -111589 42658
1840643 -134327 37209
2242665 -45543 -9927
1981310 116036 71917
2471971 155713 -33153
1935414 -77100 94445
1978903 225953 85863
1844419 -106162 26226
2437482 -382751 5336
2556972 -412298 -8181
2841874 -202532 -43539
3007636 -248460 26720
2096177 -33337 149088
3547566 151447 60401
2039631 -145899 253243
2347672 -288194 99116
2729628 -481190 66338
2616504 -106975 55362
2727227 -93703 23864
2840313 -192559 143192
2938250 -166274 212815
3695468 -611198 147916
2775911 -435450 206131
2751280 -576982 138854
2369485 -605688 215226
2784918 -656608 172958
4661594 -1109888 50663
4865833 -1219566 36389
4246305 -1159510 90438
3439518 -680462 194632
8687858 -755019 -637114
9281883 -1246193 -469921
6896202 -956846 -321788
5309832 -1416908 77895
7432409 -650018 -317329
5125464 -454212 -179873
7944127 -1073708 -487876
4111856 -921502 -20341
6780407 -781847 -204534
6211521 -973318 -178330
4199839 -119249 94838
3809681 -426451 -31328
2415040 91009 159107
4104354 -310519 -114676
3369604 86610 -47396
2913227 -80031 -36964
3837928 86944 -184816
2119896 12146 101510
4262194 261640 -241319
3961289 -168126 -136879
2435287 -9388 -9392
3045713 -129973 -16242
2870720 -68565 10732
3524993 146129 83278
3023566 -118268 -44460
2965085 484575 130380
3849452 230692 -145709
4364031 129608 -273145
5171452 131455 -370623
4200708 655186 -197940
3372113 444699 -178977
3331032 454929 -88760
4308496 874580 -85051
1560897 357131 151383
1954585 -59696 164276
1576963 223281 144221
2520069 51018 -93513
2536677 8806 45571
3727257 358742 -143831
2918754 29104 -32669
2980152 -75453 -22967
2961576 -291389 -24976
2252008 93425 69593
2423166 52873 40763
2664050 -115615 17732
3104578 491008 -90267
1648013 -29404 16080
1806363 -60040 71961
2383766 -205 41885
2276149 -61270 68510
2668301 -24190 37125
1787428 -74545 15967
2270532 -100945 -52221
2290762 200700 8475
2756288 -20652 -123050
1867387 169200 141398
2384335 339121 34309
1750426 -46678 33182
1949164 -306414 65021
1981132 -325425 77930
2462897 -205650 28812
2654830 -122025 95858
2249749 257461 131111
4165545 36637 -157438
2376863 262799 136924
2270928 -160355 37621
2236332 -304585 107841
2593617 -32545 35577
2676077 -88667 7212
3021559 -21750 23315
3261893 131832 71296
3225917 -249795 164272
2704655 -74615 129917
2447944 -359958 70717
2152137 -247305 128819
2388761 -353449 128109
3272829 -775715 236418
3398500 -933380 199634
3049554 -864368 168101
3060845 -317720 145233
6370597 -1607545 -165045
6426822 -1595522 126354
4894995 -1259835 49316
3656289 -1028872 258057
6279248 -1261288 -234648
4308909 -767119 -94274
5441205 -1592748 -1825
2699215 -665418 237134
5294050 -850979 73806
4431414 -936437 165244
4530230 -176953 -103255
3284423 -445460 6413
3109669 158193 -78587
3613534 -550628 -89145
3511198 -63451 -101261
2753923 -138799 -16105
3634115 -242079 -132634
2541108 42543 -62148
4260054 -278404 -244480
3713691 -515089 -175339
2528231 -128541 -76582
2742700 -66845 68881
2959647 -136630 -68610
3896659 234669 8008
2877161 -241871 -57898
3988022 552335 -79533
3930558 -100945 -152326
3848525 -280088 -90118
4605748 -519225 -215813
4560496 258511 -158256
3602834 43032 -173724
3746711 216984 -122111
5612111 401057 -361698
2289798 544360 35394
2171801 209286 105409
2080729 428221 70081
2147865 12569 74185
2399188 189520 143821
3975079 10762 -169673
2866171 -26576 -9701
2934356 -156496 -51347
2449504 -241639 77721
2437709 223284 58527
2478978 171809 64087
2503570 -43906 51065
3715192 167887 -207410
1577464 19709 43061
1848444 73986 57388
2523921 29235 -10355
2334923 61713 44234
2659389 47424 45708
1748812 -63312 3469
2139019 -230048 -65884
2612006 154032 -51443
2463852 -212146 -49981
2339858 392199 61492
2768570 397948 27267
1715356 30229 44379
1681079 -156646 80517
1717488 -155777 88004
2324077 -150876 12892
2716747 55896 56068
2935250 391697 -19667
4052233 -323992 -170395
3191704 322793 -80515
2200997 -113373 9546
2104505 -107088 76962
2610122 45155 30819
2431857 7639 91385
3185923 -77713 -65922
3729971 117111 -71853
3542904 -124598 -44800
3051748 24450 -24585
2203407 -264739 42879
2164939 -84677 54367
2188851 -125576 111654
2938193 -379709 136266
2823709 -605464 119600
2460793 -588543 111663
3087328 -147124 37777
3761723 -1432290 288282
4491874 -992296 393625
3229812 -851707 302924
2998065 -563181 201790
4124543 -1393263 109685
3033023 -733894 124225
3250300 -1197172 329604
2318966 -178945 219812
4675300 -747380 280
3736019 -594764 136843
4090544 -336094 -27878
2813082 -420808 22816
3300560 -92731 -145209
2647262 -560921 81142
3321581 -271264 -92059
2511755 -126495 29314
3092235 -416496 -43938
2547666 -126905 -82284
3313608 -544310 -22116
2612645 -682953 33633
2125756 -187181 24843
2720798 91537 83402
2647471 -245018 -17971
4195593 209847 -23913
2390971 -268622 37975
4820392 177367 -274074
3326711 -236406 28610
2905245 -140968 214112
3140155 -560120 168881
4338102 120612 12367
3029180 -79193 56660
3684530 53056 -40562
5478485 -304461 -286492
3079049 500606 -76090
2507384 391720 90121
2643066 529713 34406
2020556 308782 193526
2664686 541667 184728
3374027 -132989 54457
2574123 70102 120785
2515750 -181702 52428
2053291 33071 199266
2713782 336368 59886
2795326 259789 22539
2540381 55173 38461
3509052 -187635 -126038
1600268 140619 66691
2094063 134980 -1374
2573988 -18233 -29125
2599501 72040 -37825
2698796 172255 74762
1582003 -10551 57547
1622414 -269689 45452
2716146 37020 -55125
2021371 -203449 47571
3090478 356656 -95124
3337975 399253 -44101
1749621 138803 65231
1612130 -377 76530
1632830 22327 95679
2203278 -152205 524
3135084 14175 -102658
3707725 134350 -231361
3285888 -527584 -28991
3655357 12874 -203773
2148744 -122453 -17999
2209819 -27193 5179
2820602 41925 -38652
2508509 223116 106764
3044520 -221499 -69745
3846317 -82412 -113560
3494445 -328417 -118913
3109242 -87710 -62106
1839003 -116448 114749
2127276 24964 56906
2204645 91914 97545
2918181 -248979 14204
2414276 -431914 74277
1981471 -379486 109872
2963264 -88661 39816
2531435 -748883 347251
4315466 -383655 181821
2953608 -339913 170686
2736928 -226016 146251
2490743 -938725 304500
2251403 -359027 221970
2605874 -603064 224885
2654668 110371 66369
4038553 -844964 -64914
3456820 -439372 38415
3541790 -269501 73334
2326622 -334615 67732
2846768 -285582 -35205
2018312 -288329 166471
2777384 -366851 1797
2424511 -57389 27354
2452929 -412523 49788
2159707 -201506 10728
2529767 -443166 98902
1602149 -393212 229909
1886450 -73051 70319
2913642 247804 73694
2217873 -178987 72369
4461016 130120 -64143
2031989 -111006 108248
4635836 -366482 -236577
2938292 -46420 131233
3001366 349148 217345
2532266 -38304 297317
4487571 182235 13407
2946134 130918 101925
3646698 16635 -10206
4331819 -578740 6413
3687975 252456 -173163
3153577 519335 10132
3403120 519338 -64150
2778122 600464 67464
3900417 701916 -70808
2985727 189723 227464
2599379 421265 211780
2025986 117257 242680
2271523 468675 212408
3160391 438562 34757
3090213 285469 13016
2730811 79330 -12799
2937575 -293253 11539
1946163 216420 -2944
2320352 73184 -52382
2517536 -67270 -23554
2734943 -71895 -94200
3098714 268244 -129
1554256 154867 98703
1104264 -16249 201357
2624449 -32897 -16213
1835026 -80439 66379
3470262 78627 -162838
3916548 185608 -163042
1981644 263606 52163
1738738 132664 51141
1755816 216894 93885
1886191 -78655 84178
3065527 -253436 -123465
3609922 -379496 -241457
2520570 -457639 84904
3304930 -337926 -125928
1979989 -153724 -5321
2244023 -54671 -26146
2843065 -65739 -52984
3084937 331056 -17939
2694574 -329230 -38813
3583968 -278261 -79818
2799934 -451052 7354
2810020 -138444 14676
1781962 162660 147426
2355731 87644 -15165
2589343 199424 -2357
2647371 -226764 27340
2048124 -274252 79297
1678531 -138222 127805
2894181 22596 54025
2494623 -232755 159391
4569000 -293368 -63902
3164274 -222701 -33386
2749431 20361 97685
2032213 -383444 220764
2275788 17757 141380
2557245 -356499 46058
3139112 74061 -97055
2917801 -883508 41558
3040119 -368665 44076
3456963 -152031 21271
2027531 -168270 87606
2312429 -228795 80005
1993532 3779 117937
2290948 -283543 69088
2508080 -59245 -31229
1993483 -246696 104158
1779650 -78889 110633
2160708 -226945 113582
1539779 54375 185500
1903606 50760 58546
3328589 354251 25935
2133484 -31642 63814
4627213 -55681 -117703
2042500 109113 103770
3625629 -635419 -24702
3207693 138446 38438
4136784 502335 -77284
3212726 371142 83968
4971171 61006 -136715
3544537 151601 -87354
3694242 -26086 -31795
3595391 -427362 103884
3807746 -136246 -198543
4125602 319483 -219844
4178359 222684 -232099
3876937 503601 -159811
5127065 208921 -391364
3785669 502045 38625
3530688 735621 64282
2419390 634595 234668
3325189 726036 22098
3829292 418107 -65809
3423475 304187 -3422
2794832 39179 -14912
2618976 -225953 36316
2289332 126566 -74345
2302246 -21864 -34388
2468119 -132377 -44390
2457597 -221049 -39894
3579299 140437 -114953
1928078 307410 39159
1282520 422774 211589
2545447 -44008 999
1840200 41427 56388
3270317 -198328 -104651
3894897 -148008 -146173
2420126 308051 -11497
2027168 182017 -3176
2189511 351644 31443
1830103 147444 121317
2290856 -309631 81048
2531013 -644428 -5682
2093952 -252081 115147
2550669 -432948 27757
1761855 -128032 26931
2138840 -101954 -15040
2641793 -127606 -9587
3769162 98133 -213111
2267628 -374478 -7295
3166544 -396447 -45959
2214971 -330472 88256
2662679 -68679 33172
2301622 371252 42384
2634235 -62151 -125382
2942309 95284 -87706
2343382 -107533 83415
1943641 -152296 33736
1694111 108184 114615
3186845 35579 -55282
2794493 -130544 -41336
4281259 -493671 -108579
2900537 -327049 -37944
3022316 142239 17098
2178841 -119872 55891
2653070 175500 24531
2189430 -274050 67676
3188084 -186081 -141002
1881715 -681324 146760
2718987 -270338 43769
3542894 -233190 -93911
2086673 -53923 16847
2137640 -38971 97514
2212033 175347 64166
2078573 -142549 69178
2398972 -134680 -26139
1932362 -70185 64070
1662623 225959 190023
2078959 -13590 98183
2113689 251340 10880
2000058 176140 65581
3890164 315526 -68656
2193539 69552 46672
4398624 -278586 -91989
2378362 257780 40102
2642579 -494467 149539
3587157 94604 -71024
4884414 128268 -256594
4148819 264237 -172552
4942814 -278393 -169732
3654501 -99192 -121561
3638879 -95966 -33775
3453403 -300378 12911
3218102 -423246 -69534
4319322 -225322 -279923
4172459 -288564 -243179
4356785 70160 -240187
4744951 -549759 -303394
4829180 282560 -231678
4958242 545259 -262867
3812100 856698 -34886
4527847 520997 -218938
4418733 162949 -189644
3859467 234646 -72301
2702304 71614 47020
2522918 -200914 -11555
2275169 -2561 -42784
2214350 -63343 -15649
2256617 -218538 -29356
2037830 -206397 45749
3528612 -80270 -81755
2497607 269486 -77693
2217530 705619 57283
2448572 -22628 27504
1955109 141336 46594
2818222 -321912 -24694
3365738 -319058 -23127
2835619 220201 -74480
2214286 156203 -10744
2740845 322289 -57897
2340146 287589 -237
1937445 -25997 158012
1489961 -421232 205963
1959167 -24828 113607
1968860 -268337 124258
1668855 -72241 24276
1907140 -73899 45157
2473211 -119914 9714
3695623 -394099 -243455
1778460 -333900 50264
2600663 -436714 17754
1982102 -154640 85859
2715714 -48799 -11777
2979577 309902 -97110
2303725 -272627 -56275
2859843 -47409 -42623
2398606 47612 49201
1830792 -103006 28625
2006101 298884 69738
3268806 -161600 -115520
2687851 -275631 -82241
3456662 -606675 4908
2254542 -263606 106893
3356395 83026 -74736
2164394 -66427 22253
2959937 159597 -34013
1802595 -31760 163620
2583113 -347670 -234
1342921 -367170 153269
2501756 -195725 37356
3156124 -423541 -69563
2135757 -84207 -32225
2278202 112518 54186
2508671 275583 33780
1968695 3761 85929
2039930 -90877 76389
1963510 22787 41300
2180127 580994 142110
2242248 140598 56136
2549436 153973 -86173
2396926 245501 -12101
4285016 92098 -148396
2347545 153812 28822
3868415 -380618 -8362
2819151 257207 -36134
2246123 -142848 182606
3736314 -112681 -136922
4475755 -287024 -120031
4235687 -136069 -182511
4209146 -481416 -22747
3089243 -180472 54849
3471089 -147238 -14658
3217254 -336347 -20726
2415926 -384278 96840
3293420 -555199 -15442
3238608 -584819 -36224
3913434 -291904 -102302
3260719 -819611 29372
4815105 -203297 -209609
5494551 -178127 -409263
5146066 493518 -308947
4931842 -11981 -280773
4369471 -242967 -185087
4074343 43123 -104103
2795497 190838 62731
2262466 -221828 9172
2149405 -33164 2209
2191079 -120030 -43938
1882023 -209354 37511
1909062 -113445 32959
3240414 -157604 -11621
2780446 47605 -129025
3311901 634734 -119248
2366748 80740 73737
2143659 233452 45714
2368966 -316039 29989
2887237 -278196 51740
3017094 40761 -95682
2253970 183481 43139
3079182 155945 -99470
2869588 139249 -131646
2439310 122249 -30334
1283822 22199 209124
2156503 160332 59133
1842779 -16023 117810
1578262 -15464 43753
1727727 98942 126234
2250192 -54894 67346
2561450 -658337 9921
1214073 -109406 193656
1730672 -199788 248133
1668654 102829 206267
2362155 23520 130823
3058425 133233 -37108
1506669 -158526 185739
2478666 2778 107184
2533478 96183 24117
1503211 64428 157565
2493061 374333 7503
2761007 -290490 1837
2153774 -354299 9300
2605516 -453174 138947
1943337 57781 193307
3380786 -96024 -87335
1971965 53643 99057
3121438 67311 -54208
2042290 274066 114266
1924704 -168526 166131
1220954 -110646 105055
2306484 -101612 56679
2377457 -418657 78842
1914096 -106642 20147
2552780 166169 -2258
3013009 261032 -64632
2065741 186760 84867
1907770 143194 142179
1928845 148488 91199
3270761 685294 -48227
2461865 232631 42282
2474856 28321 -18006
2803495 118438 -105169
4222846 -216027 -147917
2690394 137024 -52899
3368959 -332075 51203
3063183 162125 -50736
2451010 146227 98632
3494981 -409077 -144801
3546038 -251187 154056
3427313 -268023 69194
3499099 -395536 90258
2721508 84693 187521
3236202 -139519 23604
2560361 -249698 130344
2014989 -114880 160421
2166916 -268804 281213
2281250 -450954 146847
3211710 -312864 64221
2117046 -536722 223497
4044651 -432425 -21798
4385590 -782011 -147656
5398320 -204903 -354073
4243088 -403800 -80778
3429908 -386497 74738
3846313 -98392 -20815
3019979 314961 74542
1811630 -92634 130920
2096804 -19475 13528
1985239 -199032 -23865
1687877 -104980 53642
1885970 -86783 1600
3194005 -224226 -71289
2486972 -127546 -23278
3877747 335787 -152911
2549191 225708 61345
2484401 303918 15685
1976852 -200598 86064
2640293 -155615 65000
2787985 -73672 -6070
2393664 329760 92657
3111376 -33010 -87119
2803632 -115185 -99149
2750344 -95930 -153544
1775060 309826 74411
2625714 157577 -69621
2043828 165920 65546
1481414 136107 108927
1719798 448753 242990
1898772 236578 251029
1300305 -304413 334286
835212 504725 432973
1226703 592057 538574
1506145 753236 450567
1857149 619479 473904
2526993 358435 286141
1064111 471473 435250
2109897 451780 355293
2142812 350403 279628
1331241 577733 362321
2812014 392318 33924
2274379 -161840 110318
1565969 -210227 136872
2271462 -142195 154395
2429061 357338 77668
2966048 -167971 30196
2162198 263065 85543
3054016 -4804 -12613
2746086 340145 -50164
1907947 205877 181916
1200557 90962 109711
2328637 -4848 25690
1884356 -153483 165426
1727231 -364 75743
2843391 97423 -68325
3396265 17331 -165672
2517300 276014 -6360
2297373 387536 90554
2136499 362383 110667
4151951 434565 -181770
2763378 309583 28971
2298554 107417 82781
2703405 -63898 -52336
3669335 -425717 -51058
2770683 755 -57663
3054934 -205552 70164
3146711 77476 -35471
2775808 274140 50956
2646233 -572658 3929
3330738 180104 228419
2928142 78105 236810
3183866 -202056 97395
3145791 418657 115658
3041485 -50075 65328
2190245 175576 267929
2021328 219843 179540
2202046 348763 283299
1976047 -131069 153382
2912003 -137808 95823
1786242 -62658 236917
3363641 -336151 102092
2721238 -669558 242943
4404203 -719258 -132463
3208896 -265608 210320
2637920 54593 334711
3575589 -36032 63679
3354908 505249 105187
1704938 271849 212242
1960272 60640 78796
1567143 -158037 75662
1597603 3352 70283
1693914 -42362 54931
2915188 -408525 -86547
1952677 23532 176903
3808717 145643 -24708
2962288 285950 -4014
2928083 268761 -49573
1816760 4459 112157
2545666 -27581 66809
2363648 84429 172981
2828895 508496 85511
2907947 -168741 -44324
2343083 -183992 29971
2253022 -307592 -30721
2309943 353307 -10453
2806584 -62991 -125214
2375330 244942 12577
1791020 348202 80472
2212261 1054396 348914
2096673 919455 407333
1193711 492708 417453
1666519 1487218 499956
2435427 1709566 513281
2791698 1699744 424943
2869951 1702913 534782
2768107 1198850 509028
1898709 1430432 483298
2679663 1337774 490039
2220409 1241618 576910
2118571 1419690 449127
2995839 587580 161185
2192035 80887 127933
1231459 198152 273682
2378590 111788 103792
3258189 299885 -130014
2557727 42965 174104
2740873 316657 -34206
2886788 44247 65436
3123412 154721 -104437
2436721 486266 105905
1245856 383885 189182
2384232 6364 3459
1980935 146730 124100
1800174 157702 78584
2883104 -61574 -76971
3061884 -257961 -76624
2866515 192943 -54289
2917419 483242 13382
2762264 519537 33701
4271529 106174 -118936
3288550 286754 -65504
2701087 209916 -18411
2339600 -33500 78868
2941569 -394204 81401
2427036 19409 89301
3008448 -100318 26094
3091053 45006 13466
2939565 444522 131298
1780705 -384414 164947
4343342 375797 -76724
3623148 410042 49529
3151181 -37899 61103
4132868 419881 -120347
3041369 94832 74553
2971236 591209 102485
2465988 568407 157821
3485461 611421 -50344
2100094 113672 98528
2866194 41930 95032
2172642 314621 128812
3116491 -108684 112610
2142508 -37368 336823
2964493 -663588 179114
3022997 278021 290681
3304205 656894 205683
3784465 27525 -24257
4293947 587311 -58308
2495194 579906 60453
2035247 273592 116876
1290094 101534 178804
1436446 249560 189369
1513996 162559 154502
2153422 -454657 51042
2066975 467889 231290
3775740 206022 62038
3317914 228665 -44969
3117815 162905 -38835
1933040 223912 111158
2490969 138123 112134
2305018 597085 338458
3401287 673707 92646
2543424 -185527 33664
2075833 -45501 93419
1545293 -166021 164891
2564474 364430 32467
2336116 -193238 17242
2711154 224486 -29221
2497736 371218 -63628
4207244 1550075 59901
4038080 1523978 107056
2639522 1102800 148744
4543847 2118251 52807
5714332 2257095 -26424
5952180 2074515 -104826
6049407 2345295 53581
4961277 2040003 269798
4423826 2129129 173151
5068807 2093415 209739
4576814 2237097 319827
4579902 2087515 154333
3788169 932846 147918
2373611 348426 142120
1630186 810490 317285
2604487 306648 96861
3419937 -11692 -137047
2774923 427099 181726
3056561 198356 -58201
2790850 271176 170839
2912245 61740 28180
3016928 680761 106655
1797977 793805 203582
2073369 146423 164340
2349036 328423 69792
1972769 332054 108663
2501900 -113903 45007
2349636 -207998 122416
2826261 160801 35570
3550635 445118 -57630
3518762 472405 -74735
3851936 68452 91559
3675589 52076 -155959
3280001 -44737 -224149
2302085 189862 126983
2517443 -155845 143285
2416621 300803 160105
3000661 -96355 -11240
2991335 156102 96236
3591807 712505 99532
1710220 -87378 96354
5237872 -142847 -399892
4629447 195396 -242846
3374675 -12387 -42469
4648492 19178 -243958
3279504 211777 38911
4229396 482387 -197648
3571588 722055 -34221
4546031 184391 -326068
2361201 280159 71225
2993938 245789 101262
2958642 395752 -50905
3289704 33873 25068
2851302 445728 127387
2313894 -167008 277427
3963234 688704 100790
4860626 697215 -159747
3844233 -100488 -63773
5182036 243659 -254989
3580572 444764 -177913
2664641 406419 -3738
1662152 449341 137995
1904097 664294 183876
1742627 534802 203525
1595967 -245900 137059
3222758 731687 -238
4240028 254437 -35267
3507368 130499 -49586
3102675 159229 34093
2272845 445124 108164
2634788 428661 169423
3326173 1285573 304012
4280644 838439 40367
2283753 -47275 93374
2186502 119427 63147
1424649 257105 233873
2911618 471532 61190
1893205 6760 162206
2869272 171084 -13290
2914838 154586 -127795
7127994 995538 -625196
6999800 1048489 -589584
4557448 1012323 -209745
7850630 1572181 -555591
9116274 1531970 -654335
8811077 1305741 -591728
9442170 1869414 -482448
8253264 2062165 -247653
7399912 2075665 -191040
8127994 2077551 -195738
8326263 2240161 -308296
7817555 1860868 -371070
5157727 1069749 -4841
2936503 608621 106693
3143439 1283106 122427
3018646 498355 91793
2767060 -48785 121386
3680211 642283 27259
2991178 178770 46798
3169880 675559 208918
2810935 249870 134703
3866226 891430 79120
3112604 1064910 42663
2162783 631739 288054
2741442 466265 71155
2327292 600948 154603
2170263 130845 185955
2231209 101727 149526
2985989 288152 62064
4177341 212968 -181614
3961640 280138 -102765
3837490 387463 191556
3481777 -235142 -113314
2861374 -482891 -159567
2754063 384040 58311
2677928 67816 58283
3170867 492767 11429
2778121 -76138 45056
3305420 344175 69566
4945291 658096 -178355
2015625 -64963 -61522
4398834 -872755 -262268
4598468 -355221 -263445
3414743 -171924 -97618
4234185 -386073 -148397
3690206 215903 -43280
4655476 -33708 -281906
4723264 391057 -281657
4075851 -363947 -168790
2844552 365736 3821
3606886 339287 -32442
3444308 185462 -132247
3514290 -9784 -63756
3895953 439074 -123404
2705731 260408 134354
5113318 670723 -95523
5570572 213520 -265757
3295133 -48733 132918
5011678 -223753 -180648
3877959 29869 -203694
3336509 240092 -148876
2771419 482381 -129480
3382712 747403 -137560
2825878 812588 32890
1550617 5855 106446
4520009 411727 -302199
4745793 21394 -188286
3590510 32445 -50660
3344185 226525 13429
3065546 567011 -11774
3527954 665147 25081
5847021 1485339 -168409
5828635 620523 -299691
2451812 99462 34741
2496202 181171 -2769
2196358 612308 94130
3629813 516934 -32083
2189864 303970 104166
2947931 195297 30687
2750974 -18123 -31208
7713267 -544917 -774529
7747954 -443729 -774240
5317281 532528 -205765
8809884 357099 -554379
10048771 77370 -708394
9224143 179651 -456142
11065639 719783 -620652
10746516 1165748 -614203
9409788 1580829 -268890
10134933 1556946 -276056
10611083 1316216 -520182
9463380 914918 -479513
6171945 1035814 10067
3813448 732406 20416
5144964 1209116 -192063
3626194 666446 80884
2529911 408420 294531
4542163 570003 -79377
3130564 345449 97924
4570655 884591 -48961
3395323 447536 37396
5347484 826575 -179425
4747420 884692 -231482
3485660 1054549 88750
3402796 573900 12990
3268765 850797 65135
2684710 452567 93072
2828383 237132 -27755
3674273 258978 -110326
4306292 -228350 -238346
4063420 114576 -63077
4852776 595117 -25870
2887600 -336585 15247
1645562 -504379 140674
3346997 411686 -22771
3101361 22613 -98646
3893373 365115 -110456
2607423 97829 120575
4018670 339583 -84889
5828531 45948 -399099
1779519 -180916 -14587
2543788 -1008368 117858
3611013 -698643 -72137
3012360 -306817 -30060
3536221 -576596 -57726
4081470 14225 -158119
4116811 -496762 -168336
4763973 -199636 -258987
3116865 -429289 64729
3428207 264146 -108168
4216113 94932 -195401
3274407 16195 -19724
3527081 -183526 -108854
4391537 63456 -225198
3400906 358565 -25856
5808282 406237 -161434
5139877 -141637 -72654
3308469 318131 183175
4438951 -461455 -84585
3573683 -294483 -132373
3435173 -85506 -157993
3466394 -11179 -320253
4471618 161916 -400602
4290350 549169 -292663
1722286 177105 72993
4670771 -272202 -335992
4606544 -397583 -208436
3683712 -109110 -105325
3844073 129028 -120473
4086447 306681 -254709
4755435 422257 -259005
8076281 589902 -663816
6461866 -247065 -484755
2694782 85759 -27562
2694338 142410 -17993
3281894 584066 -108301
4356733 320782 -159815
2830271 371227 -21536
3169776 261999 33652
2490137 41689 82021
5070915 -1469789 -95254
5283625 -1421817 -137678
5303500 334606 -20742
7869972 -345386 -162432
8723522 -977230 -344935
8482229 -418261 -197945
11073795 -464151 -571156
11378996 -151522 -666560
10857133 1009764 -333303
11341189 1064234 -233806
10909130 506751 -266999
9234282 287910 -135380
7202819 1110183 26328
4631207 730499 -15948
6403155 652275 -328630
4415935 816426 60350
3563665 875707 131884
5079433 391004 -103574
3739911 470474 14358
5996894 433214 -367736
4054096 395304 -61241
6321273 228802 -364463
5598549 256305 -347980
5180819 916509 -206284
4114472 504549 -58611
4520805 792143 -114052
3742226 371627 -174933
3210369 47154 -127348
3995606 -97317 -209799
3598458 -602957 -116478
4076477 14630 -41434
5985145 221588 -326793
2371665 -192325 119823
1065744 -51488 266626
3802378 332529 -57251
3012268 -209753 -100518
4050008 179942 -62872
2932865 309320 69374
4470253 41029 -193149
5210801 -676409 -273041
1252002 -31063 159844
1360906 -563211 283570
2514039 -653427 103192
2611966 -316668 7031
2762994 -631149 13273
3936497 -333394 -164031
3106408 -651736 13381
3846257 -480405 -19155
2870160 -321317 12175
3718347 -35025 -181046
4027392 -288461 -157352
3078557 101569 86062
3117767 -371137 -53549
3940995 -274807 -82089
3780516 248346 -58050
6185972 25176 -229185
4661182 -111896 73414
4236074 478265 -36888
3922207 -645326 -99175
3113337 -534993 -112414
3086900 -341980 -102106
2755291 -508550 -132676
3816808 -502485 -199043
4585214 -139870 -330265
2038491 294342 39205
3654991 -741505 -124077
3792327 -712060 -100211
3606420 -401021 -178296
4013949 -217518 -208758
4273274 -324328 -335414
4877228 -149597 -252913
7513818 -618090 -436342
4881139 -847528 -55487
2532917 119807 82369
2603264 203302 91477
3695833 346796 -87226
4531626 -35730 -172919
3112566 331162 6896
3411640 345259 59408
2577132 242935 105388
2645404 -1075359 385052
2634178 -1031137 454447
5947230 190797 -178824
7308798 -550676 -114659
6952221 -1391321 -99511
8062947 -876709 -291238
9719984 -1477790 -410734
9972782 -1231918 -368771
11902218 162986 -523196
12309300 540698 -302838
10943513 160428 -142458
9261319 183247 -48440
8924853 907119 -270011
5476465 650232 -80095
6479559 95153 -204550
5536997 831705 -62757
5063957 861612 -130135
5446061 145724 -143377
4322441 426265 -40305
5744808 -228681 -219766
4209056 347915 29108
5616783 -270491 -79533
4902197 -189048 -44387
5879819 441703 -214961
4245206 504871 95928
5166939 528872 -108840
4040536 -90284 -239734
2866608 -96929 5181
3396390 -391896 -62432
2536889 -647787 65596
3973291 -38985 -3230
5794616 -464195 -297921
2300428 64303 123072
1484447 386535 162651
4054903 210886 -49258
2363904 -247887 73561
4147012 86868 -47967
3594901 299778 -79389
4083932 -269308 -80139
3605155 -880854 70839
1413576 323066 153088
1258916 -64201 196215
1895475 -386380 144717
2298351 -305578 8252
1899819 -482115 140894
3153889 -526779 -17638
2236263 -484155 139530
3185724 -384261 76061
2640699 -377175 -37212
3392806 -367124 -129223
3317032 -458834 -17452
3314123 259027 62990
2262095 -272602 168232
3161521 -202374 142515
3740886 237049 58468
5969874 -456546 -228456
4756417 -2793 10398
4887359 247946 -156861
2903720 -741579 36791
2195224 -653367 23244
2521663 -484711 -38149
1564373 -462262 160951
2317935 -471088 221603
3468862 -489267 3057
2479980 317463 -17299
2330647 -743151 119206
2657510 -751797 68364
2752519 -664862 -44114
3337429 -544632 -85101
3093719 -772133 -72031
3908440 -366280 43084
5444398 -912156 106092
3356727 -531902 291995
2600311 389602 159811
2841409 454614 128797
3583068 364589 106796
3960528 -225850 10073
3291372 440606 92367
3715460 518089 112203
3020628 407317 56302
2171811 -369001 283692
2047859 -33769 477939
6190274 -364708 -314890
6862856 -924961 -234081
5112001 -1417953 83296
6687635 -1437536 -198782
7001385 -1899089 18893
7403254 -1465841 139524
11486080 -924302 -507470
12643059 -135850 -357768
11310224 -289876 -320994
9817441 -135775 -268211
9929296 99529 -478017
6131352 417632 -130224
5859548 -59703 60812
6452109 592024 -147327
5795605 538903 -143648
5158394 -47129 -3052
4466879 434433 77898
4419854 -210718 239972
4428548 506812 115500
4573146 -28190 291947
4025593 111877 303264
5700714 220800 -3950
4719981 832216 175292
5397475 433598 -5455
3184404 -339326 26668
2494768 81844 156351
2640214 -337442 100563
1749593 -396605 176151
3805751 20703 62368
4376032 -734030 42525
2642899 236239 43167
2188408 609388 76685
3928872 235673 95391
2024632 23273 167597
4213455 -32660 -63849
3960656 45074 -159857
3339896 -206102 129721
2465957 -511273 255693
2348889 409434 -83379
1686366 164699 39596
1800107 -165047 70181
1919342 -251628 50178
1532570 -151820 161731
2406894 -430109 94254
1899115 -191633 139941
3062756 -317849 -17979
2040854 -360324 59365
2582401 -464457 35155
2727878 -412752 46916
3754449 327380 1853
1936724 229895 294691
3107229 132279 151128
3996197 422642 89217
4904483 -737310 -33062
5028480 -126468 -128563
4862287 -15087 -98043
1804670 -442697 248234
1061620 -347330 287476
1737989 -437876 96980
1079692 -7082 265615
1813565 179543 370902
2566541 -202905 234836
2792447 266510 -25263
1254113 -266486 358192
1525051 -386691 303675
1415764 -429546 284802
2066636 -399593 247759
1481536 -506239 333170
3211293 -45963 248267
4419855 -502012 240046
3382973 -40075 163706
3392558 604810 37086
3750859 562917 -37458
4056201 635336 117556
3364734 22304 215165
3959490 588591 28276
4503611 695903 36370
3595002 457672 -2917
2265635 55721 180180
3133375 612680 147581
4923103 -732230 -15690
5372489 -1270954 -69676
3522953 -1089542 224181
4339580 -1462415 174939
4584315 -1503493 317562
5688043 -889401 363939
9199332 -1552436 -70388
12085933 -819736 -323396
10631574 -973038 -299442
9194263 -647115 -170338
8964219 -625646 -185529
6069144 304268 46211
5435505 313085 290628
6569564 432369 17013
5772789 461699 73551
4570919 236397 279591
4700052 759498 228582
4066793 537647 454017
5020847 751130 130359
4805404 630705 320368
4754252 645459 157642
5927152 277645 5324
6538066 837863 -233386
6170206 304191 -173252
2326290 30639 318573
2786932 393430 133379
2298877 -69408 158152
1456895 1459 216030
3954237 136006 32966
3353161 -406481 230964
3115448 217973 -59268
3033810 691956 -5433
4206822 514820 134991
2500484 245696 25903
4016772 -116021 -12927
3809909 -263319 -142410
3353281 67899 96026
2399777 -70837 162958
2952159 49231 -238627
2032305 146493 -40507
1854237 -112838 -10417
1700287 -131209 61683
1856326 27722 1262
2165595 -266768 50120
1949908 36679 87119
2734714 -390122 -27436
1661228 -179979 105205
1946468 -259467 150299
2307725 -291544 76756
4275690 243223 -95254
2827132 673175 112943
3715043 272723 -16252
4898148 423102 -108714
3772162 -586934 163756
4690326 -386261 -93661
4601051 -124451 -17760
1557542 118281 284404
737571 405294 434550
1041591 -58662 284336
1424596 491585 223870
2799598 739022 153361
2685449 248943 196686
2833107 300628 76818
1102560 607918 492980
1136192 410097 471015
917349 373554 481349
1382931 411586 535196
917091 418556 550618
3223907 546334 348033
4142519 -48725 242608
3579208 187676 114107
4214646 563355 -60952
4414960 375760 -117390
5284160 642158 -127315
3826044 399997 111297
4861630 486368 -123292
5617751 567239 -164441
4113291 411995 -38135
2558380 395910 151359
4559447 525755 -208978
3802872 -504249 193265
3524591 -1136332 198327
2686593 -649596 210975
2828634 -928976 306694
3598071 -928205 224166
5667188 -372963 111808
6763025 -1200624 370501
10779604 -1387045 -237902
8730898 -1257178 27044
7695266 -629915 186710
7427378 -571910 204029
6107837 593226 216024
6136929 889665 248361
6746247 645532 166806
6132426 745629 174558
5279981 791342 197854
5951528 1139735 102451
5481602 1282913 243938
5967472 989897 97583
6292618 1024882 45454
6368610 530624 -269161
6670211 55408 -233438
7795197 -65431 -594999
6632689 -272601 -358063
2838568 664323 249783
3593124 524261 -11147
2454617 228467 126601
1836144 373152 135619
4374148 76782 -97452
3432956 -50968 103645
3308753 58714 -82170
4030775 528848 -166637
5504265 495217 -194146
3102377 99652 -152102
3822826 -100147 23152
3181166 -453879 -29627
3906244 49307 -108655
2753145 100984 22194
2494036 -326925 -106249
2093390 82396 -18857
1715167 -141698 -5518
1680776 -32920 35638
2070251 -102907 -102911
2065593 -245438 -14242
2052062 196548 92901
1999078 -304564 133616
1418801 93693 189286
1713069 99256 215672
1812938 -22750 218644
4327827 48757 -55096
3886428 704145 -40319
3921040 204463 -1455
5201816 132165 -118207
3110701 -136056 290032
3597507 -289166 220938
4121978 -11138 154906
1915143 681556 302994
1713967 1228760 368745
985025 667410 434686
2248986 870612 164774
4066285 799708 -52294
3084575 624601 213569
2761555 670272 308809
2358166 1537332 416726
2063377 1348293 451142
1888814 1300155 425454
2407360 1495883 505806
2100262 1450004 447543
3990250 1317531 416720
4050625 568019 388834
3568316 561681 273706
4634837 458020 -23984
4343905 273187 46518
6113298 179038 -301326
4859275 334681 -165345
5285196 181828 -160849
6143695 136066 -237279
4549949 308319 -70322
3412667 561300 -6229
4888602 27468 -232266
3489503 -119787 194132
2237149 -537983 385643
2092995 -182030 284257
2322558 -377665 245755
2896913 -551626 208184
5722466 -393487 -70214
6044744 -438451 329730
8603759 -1633101 39774
7131713 -965204 230401
7053158 -90572 303186
7086435 -106088 205158
7173138 936924 90519
7873638 1095266 -62160
7865866 863538 14046
7374321 954250 11014
7235563 713678 -302703
7887661 989738 -259983
7986198 1289622 -263099
7582260 966014 -167754
8230677 677733 -406560
7034399 -272803 -492031
6563557 -515956 -284818
6551990 -1051119 -310609
5537671 -814140 -129047
4643127 733361 -209875
4473467 314126 -202975
3070555 353093 -8777
2719416 456164 -59328
4499708 -215138 -178319
3702623 10265 -17116
3188314 -54377 -31801
4544360 87977 -251776
6231808 -192120 -433341
2949565 -197929 -109247
3706833 -36622 42529
2318492 -317102 168587
3756171 -190614 -75716
2981870 77266 -36400
1705546 -329928 85066
2184086 49252 -29264
1475411 -102243 43065
1703683 22779 24009
1658021 -229986 -1113
1681930 -232800 45668
2182956 459639 173938
1500012 149513 308296
1313350 657369 388568
1666879 680517 396247
1423945 698824 521091
3509173 305643 359339
4143838 777537 160720
3442746 512939 346333
4395598 272198 301178
2890128 619292 482483
2912460 504713 550521
3702632 577461 446991
2638828 1407280 435211
3573425 1815462 227564
2086028 1563879 439867
3256441 1194194 173828
4453564 802721 118226
3624401 1191041 364979
3438987 1473811 471490
4678077 2176872 222201
4125497 2114670 311586
3917323 1984239 263215
4981114 2220012 206564
4520726 2063825 169968
6077054 2014850 239767
5129027 1337568 334012
4391474 1160826 287246
4859815 511251 83039
4289599 577690 244837
5832985 -374945 -225779
5101777 -90268 -215754
5266208 -112758 -138871
5921888 -278782 -174891
4914490 105815 -135844
4237388 387456 -152059
4222088 -197158 9008
3567417 275505 193556
2197726 227516 337116
2149849 455194 316502
2300611 52706 187426
2205862 42331 388386
4866850 -376906 124093
6360060 -33169 100505
6211913 -1124060 460690
6359538 -475157 252014
7729653 322582 69635
7633223 69750 -29512
8755517 833192 -200195
9569242 614001 -412723
9334926 585106 -296193
8827165 718723 -245805
8197181 -272415 -610172
8909380 244479 -428530
9778624 295051 -679179
9089203 233384 -545128
8935560 -447955 -652123
5963180 -1160857 -344573
5351219 -885935 -72383
4431959 -1212961 100154
4129731 -771350 126636
5706285 -58158 -511413
4695867 -196548 -270934
3580312 226797 -100467
3301150 205821 -163802
3960925 -521752 -107204
3705981 -33847 -23473
3096838 -99357 -25031
4179226 -337725 -151627
5104269 -865553 -184229
2272405 -223688 84326
3750299 42369 25489
2140015 89356 195475
3033667 -102395 162817
3048460 -11696 -50970
1395226 -101012 124998
2289673 -60167 -74869
1399060 3751 54589
1753656 68432 22104
1173776 -81160 135395
1323555 -38252 138089
2954070 788190 112025
2119116 743613 235835
2378711 1488106 389928
2589678 1606004 485864
2375098 1934002 670668
3590614 1404215 679175
4637461 1363012 398166
3838226 1511339 600829
4397830 1242973 613495
3882176 1682170 546495
4076897 1621854 507164
4576043 1612338 537240
4672275 2245183 346596
5940898 2109175 56752
4601130 2218261 178633
4655114 1546535 160473
4883842 1338855 382376
5283597 1928270 321177
5845521 2253911 243970
7686175 2330609 -93734
7201338 2442120 -22531
6764350 2235562 -46045
8170254 2240246 -194626
7294955 2118411 -116397
9191565 2068684 -208183
7590010 1639842 -72175
6447151 1474129 -21032
5510249 700385 63306
5338284 1031176 142391
4899159 -645471 -49409
4518916 -381124 -71559
4962227 -366876 -111571
5334693 -554545 -103331
4915201 -198759 -155184
4510345 45440 -175502
3932451 -67915 74794
4521490 463361 -49450
3403439 591064 6222
3555179 811989 -4893
2756371 324447 75723
2881412 779918 277141
4404301 48915 247201
6591202 67921 10419
5762758 -169505 378321
6421708 -77617 110980
8981951 26752 -377985
8099452 -218737 -254631
9940851 137637 -491310
10152123 -441590 -619101
10144576 -289656 -571231
9731662 -4422 -473782
6720917 -1271666 -317510
8391796 -468895 -260964
8917286 -940498 -455795
8598555 -868125 -472434
7072339 -1447833 -271233
3530216 -1394696 136099
4135341 -854485 71884
3248415 -918782 150650
3656488 -559948 47320
4616314 -886389 -255087
3758968 -535474 -33635
3622559 54356 -59629
3167133 -55053 -77187
3000738 -565250 66242
3644162 -78850 -21549
2971215 -160775 -26650
3319352 -446921 43245
3405253 -857803 163877
2030658 42627 147360
4016240 -757 -76380
2864404 272411 -30199
3144988 275194 152266
2970701 -107236 -43481
1511189 103045 77268
2007969 -162062 -3794
1493567 94116 35900
1855093 108828 16560
1264192 199530 122487
1502303 222338 102010
4492744 704459 -217421
3882902 841186 -168181
5157066 1871473 -68172
5643512 2191517 3769
5847827 2931575 235813
6468154 2474885 287428
6824458 2032832 193176
6685312 2442898 237359
6900510 2247334 296947
6904995 2447980 145821
7186685 2179454 2770
7648216 2302901 71884
8351205 2439244 -211109
8789108 1905763 -294744
7963118 2094024 -324555
6963793 1616723 -143181
7311538 1878723 40710
8582541 2110486 -212491
9671574 2104412 -442355
10908832 1654168 -607106
10792241 1818564 -631626
10039199 1612921 -609017
11105549 1395386 -660965
10035131 1529941 -499162
11935720 1172446 -676637
10235964 935700 -637484
8969344 890101 -578314
7060914 476890 -336638
7543360 823024 -388859
3987220 -616572 67900
3884967 -409084 27916
4303049 -508116 -19015
4471188 -665540 2450
4402619 -440079 -74879
4257939 -249507 -112915
4173973 -38726 -47105
5421871 60560 -315269
4446121 317520 -239306
4934614 446674 -317035
3338735 369169 -22976
4863703 877172 -202852
5259123 310549 -33507
7029522 -64923 -171883
7146997 -18052 -235130
7107482 -190937 -229824
8950994 -996521 -566358
7759859 -839721 -333222
9646641 -946520 -536562
8704414 -1564887 -433415
9235842 -1485509 -561583
9277644 -1021711 -497648
4192542 -1380858 182990
7392784 -808434 -110321
6462331 -1266312 105952
6375485 -1361754 -11665
4348595 -1411967 267411
1645897 -717178 481130
3349371 -701349 76379
2522062 -668228 123845
3341654 -601844 -62458
2735554 -971081 141040
2774825 -335792 194749
3482392 9446 11953
2826064 -84525 35306
2285365 -299118 184426
3430492 -79638 34034
2610384 -140506 60837
2676858 -214055 173066
2548059 -398589 259792
2445434 231527 32489
4068848 -237251 -147702
3357800 32426 -172030
4128568 297919 -136825
2794227 -179645 -29446
1843380 181450 -1786
1595074 -33018 127005
1605526 165211 43238
2015614 126274 -1176
1798990 333625 11114
2021613 317524 -1729
5239093 51569 -370445
5057969 163777 -447747
8118582 1101133 -681844
9376365 1376069 -806866
10798894 2509110 -693092
10892900 2196837 -582263
10383219 1775249 -495673
10947059 2114404 -588084
11026681 2050200 -526133
10988570 1986416 -631379
10614548 1519339 -654586
11557657 1643920 -734122
11832114 1324701 -876566
11240233 865681 -738452
10564988 966265 -771141
9333347 848643 -615972
10731505 1164392 -748103
11844081 938778 -934597
12479846 539191 -1060575
12635369 17403 -977529
12798730 46848 -1078131
11773439 -70846 -1009376
12353896 -258370 -943723
11728128 145940 -854743
12816746 -443816 -891681
11059528 -703295 -931328
9713457 -605605 -828272
7742870 -574283 -639700
8515614 -359259 -696424
3354322 -429768 113894
3414432 -308468 74806
3529672 -419118 110099
3552297 -525783 137175
3689234 -479362 30894
3638360 -351823 19845
4054895 -160435 -38781
4830299 -469751 -154606
4336508 -113936 -151901
4865185 -149170 -226386
3689712 302878 -29104
5955242 148646 -443053
6014370 -70535 -296549
6998293 -564336 -289220
7045848 -730362 -348777
6718745 -761296 -266106
6470326 -1740950 -104105
6073054 -1291875 -74827
7319131 -1642678 -106683
5545364 -1853189 170258
6121655 -2125299 -16571
6979969 -1671409 -101456
2550542 -733123 427771
6351111 -967190 -44385
5102345 -842682 234803
4469545 -1042452 282077
2983505 -688187 399807
1768134 134037 310056
2556806 -495090 157783
1818453 -351130 204448
2497491 -665201 25420
1693494 -529319 263258
2769576 19315 131736
3409355 84654 61578
2844854 -17171 6500
2189646 75542 177872
3301344 51253 81543
2383909 75901 141478
2714421 116260 137249
2616110 28489 154885
2831981 201450 -38542
3534837 -483455 -75148
2980981 -222412 -55225
4409851 -117519 -216410
2557148 -225548 -14986
2180009 91520 -85390
1736251 233553 109927
1747010 284875 77597
2167524 104303 -16559
2269918 273075 -58820
2416149 259560 -46138
4419931 -465723 -116439
4327021 -567897 -228365
8669692 -463824 -778453
10213858 -553227 -984010
13772869 385483 -1328206
13558049 370671 -1157198
12727738 135157 -1073101
13448673 311693 -1124346
13630613 318028 -1116734
13211756 150529 -1111541
11975301 -151240 -936392
13119052 -298529 -1103656
12469852 -654934 -1002404
11533669 -785925 -843397
10762121 -661970 -790031
9694861 -554554 -705246
11368874 -633886 -902988
11882847 -1120262 -988430
11608638 -1551311 -908949
11201829 -1797310 -750842
11216316 -1950694 -815264
10044859 -1878267 -695273
10561636 -1938833 -654426
10674641 -1492750 -696115
10903455 -2009370 -605559
8578429 -2246128 -512553
7337964 -1871772 -355798
5856061 -1593146 -306117
6662390 -1420519 -296680
3148677 -239826 59942
3178826 -147104 77811
3166032 -143510 143684
3191868 -227938 129822
3199854 -377657 56241
3111350 -192434 125858
3662070 -127283 63950
3701923 -478649 117102
3725645 -218223 32332
4014474 -339695 25262
3890824 284383 8744
5084447 -495035 -154341
5304096 -553698 -131556
5646477 -938787 -39143
5040238 -964106 131882
4998888 -953928 92284
3576895 -1335393 460001
3996552 -1047232 303056
4698736 -1344752 362678
3194467 -1061513 542781
2945171 -1540362 542981
4394675 -1397218 336133
2265369 136536 422655
4945045 -889959 155025
4823921 -558166 60433
3728927 -457707 278947
2940730 -12542 272185
2837471 393447 -25385
1992685 -45427 279175
1719776 70968 186245
1603801 -467817 160754
1571797 -65098 190860
3100407 162575 32018
3614823 198404 34906
3061640 -124988 -112189
2640288 337330 75881
3761065 86383 -81287
2767671 303016 60436
3259630 246632 -14152
3125642 165390 -16528
2929954 153528 -6187
2647183 -463802 96863
2436157 -165755 90301
3648210 -340775 4374
2225353 -213769 32120
2190258 -99626 -91391
2394368 297352 -53304
2173400 428858 48416
2236992 78243 -7655
2487208 148454 -62010
2668623 150757 -66210
3481388 -458702 81755
2911620 -665339 103819
6363379 -1520970 -232469
7384131 -1917966 -321205
11982412 -2010060 -921266
12208125 -1794351 -892163
11218593 -1876223 -807466
11980221 -1737180 -810322
12209160 -1742773 -822457
11457709 -1800708 -725570
10069509 -1698916 -528353
10765500 -2125312 -628856
9709201 -2158374 -439186
9072263 -2103068 -419714
8500445 -1856685 -372463
7622441 -1584521 -287790
8617558 -1853830 -277074
8346697 -2410877 -252325
7695058 -2629570 -150267
7438065 -2671341 -113753
7004633 -2836150 -58217
6084851 -2533538 34925
6742637 -2603798 -9748
7407002 -2325686 -130437
7163686 -2627602 -13380
4355652 -2478697 261838
3921526 -1902099 281071
3095691 -1702940 157169
4161124 -1523116 132119
3234545 -254850 -78619
3341682 -89755 -39438
3460694 18794 -4768
3450627 -139000 -53825
2969787 -310212 9217
3193890 16526 54909
3705625 -17517 15541
3406949 -219933 94850
3564030 -120273 29464
3503930 -152643 135395
4247775 287426 -21065
3958513 -485247 110027
4066398 -500971 163410
4071843 -677176 279510
3824491 -402641 353239
3706475 -490247 329690
2700676 -315308 481751
3103033 -300793 394779
3660773 -516241 408260
3016523 -96417 376833
2036540 -403944 517483
3295559 -637739 370925
3220204 798690 219372
3673958 -295851 436477
4252960 -455397 87183
3795685 -26070 150862
3524633 360809 101353
3352098 219906 -112320
2436854 454730 179468
2280136 294866 29798
1259205 -101793 186005
1966300 179180 51020
3319578 211188 18355
4134166 132745 -112005
2717063 -343275 -65929
3321208 348939 -64776
4108237 -289122 -267011
3395214 270710 -80921
3769082 61976 -162079
3429988 25685 -103858
3167743 124455 -47275
2161255 -170992 167255
2411044 18587 70995
3183091 -203750 84726
1898939 -74454 108374
1854888 -212979 -16940
2815769 66037 -153041
2899642 403371 -80411
2332440 58613 -18990
2563616 32664 -56243
2798970 -7762 -90712
3163190 -307239 55395
2207786 -338874 188275
3706607 -1432255 259291
3967008 -1855639 316148
7126910 -2831747 91549
7940723 -2759142 -63623
6906483 -2641661 46628
7904097 -2550628 -6528
8100731 -2572517 -10795
7406832 -2427580 80301
6544790 -2048657 158760
6517500 -2571842 161877
5872547 -2332311 223752
5498406 -2361266 139313
5392128 -2108852 97180
4969094 -1701109 133288
5671202 -1870724 174804
4587224 -2229440 347759
3967005 -2329277 370912
3802523 -2384472 348634
3166537 -2364065 458504
2889331 -1996172 423732
3412405 -2167267 385055
4262857 -2158622 246581
3882024 -2244825 340301
1682146 -1583495 530553
2124140 -1140836 397146
1306548 -1207864 297032
2700526 -1180244 178902
3011323 -496853 -142155
3493462 -327879 -189282
3864323 -207412 -211771
3478020 -394532 -175643
2709048 -321921 -13468
3622377 -61445 -132509
3991899 -142610 -136648
3578556 -201456 -63405
3753676 -211378 -117700
3621984 67365 68780
4687379 152348 -112473
3714645 -297900 49583
3662413 -88747 208694
3668422 -52444 295000
4082643 166593 196854
3705912 127847 253882
3489854 328106 156855
3543715 324858 216590
4009563 72640 171342
3854524 344001 79563
2787492 293681 182572
3433032 -96320 161697
4894702 905383 -123703
3999960 582176 358919
3778207 -189220 149242
4224451 115035 -9408
4424128 345136 -127136
3402187 32661 -81539
3537477 562068 -66732
2724795 252346 -41469
1508341 192088 101312
2353415 173883 -37218
3681652 193122 -48448
4284345 -194293 -186981
1840679 -241803 176614
3751912 125661 -145310
3272350 -737836 -132871
3560977 92179 -74606
3628784 -278238 -148244
3187577 -122837 -23549
3426133 -77202 -144527
2344258 78020 72239
2580086 95394 24894
3242048 -132503 -8791
1817332 203536 168903
1533237 -184788 34136
2582330 -184110 -80793
3318038 159121 -137745
2464003 -25949 -66946
2542132 -80797 -57303
2659172 -177155 -70968
3009820 -255887 2428
2266498 -55455 82271
2480472 -823233 301851
2202005 -1032466 451477
3515838 -2038661 582813
4163234 -2275500 462725
3504580 -1995080 498907
4613140 -2056476 406111
4759864 -2077593 413459
4464345 -1827258 421618
4212920 -1390355 415031
3425697 -1785818 543372
3422555 -1613142 424207
2785924 -1761902 411962
2932788 -1639245 342413
3158494 -1266400 270723
3998807 -1492508 173186
2693927 -1454252 371550
1970209 -1516455 403947
1609675 -1556040 443109
1257404 -1382790 475334
1445053 -1177325 366510
1614455 -1351233 402750
2161701 -1544323 352018
1925476 -1510129 374899
1131804 -755836 274756
1833430 -581986 161414
480570 -649967 255286
1680977 -836354 184645
2158364 -690585 -33848
2879592 -697756 -146511
3406636 -659755 -201054
2628613 -644366 -38042
2276710 -308851 35534
3480643 -396635 -168209
3719357 -454327 -146702
3274728 -348460 -51094
3398448 -475233 -112157
4067698 50449 -91589
4813506 -125446 -159065
3628728 -306205 -39305
4157934 158542 17770
4493250 268905 -2672
4861564 335344 -22332
4635590 368082 -29220
4443553 358334 -97800
4466410 542111 12681
4610292 194037 -23371
4600006 311317 -94672
3682732 403957 -45106
3821955 30621 -13477
6087356 396750 -349369
6020636 779900 -197514
4089866 -33413 -26468
4449098 9576 -77274
4856789 -59248 -247491
3261400 -89435 -34315
4121288 326626 -125358
2723975 260175 64812
1961747 298572 14605
2311290 162455 49586
3829029 65371 -55830
3593570 -442699 -32331
1575942 265817 291638
3588534 -117590 -75488
1844656 -701529 161630
3439276 21418 -785
2815052 -389647 50916
2785176 -25380 112951
3020741 -315566 -57485
2617453 133539 2229
2543814 205754 101875
2988096 -133233 41357
2202065 548233 164496
1418671 -127811 17089
2157053 -243654 7031
3181097 -43360 -57277
2388410 -181498 -78604
2403385 -195174 -56845
2336273 -276641 -30903
2858754 -303420 -50936
2589792 -53916 -74668
2274692 -386318 136557
1980286 -295345 268353
2423168 -1009334 405716
2382399 -1315575 458670
2276649 -1085234 371126
3217758 -1334010 283713
3321159 -1320445 307438
3342193 -1108878 280075
3644271 -740323 210109
2526947 -813935 378415
2595845 -930448 240591
1539284 -959011 365635
1577753 -902955 378204
2214369 -744181 246074
2712924 -1198469 149845
1856756 -868133 238096
1052881 -825150 299355
726204 -779538 325610
719751 -629519 281312
894732 -601811 225701
858296 -652890 301226
955135 -827420 361797
835642 -795375 349546
994098 -442227 82923
1579588 -399504 62646
233397 -222027 177476
984348 -435174 210341
1099915 -579890 142621
1556064 -758756 101326
2010320 -810545 74265
1392255 -433977 251857
1782056 -133666 149326
2532352 -557004 28139
2815567 -603409 9424
2653532 -325197 66747
2478969 -532473 60752
4184058 -244195 -180052
4440016 -414409 -115337
3155877 -346207 22261
4708619 -28462 -183594
5368855 -88852 -329249
5574861 77837 -233641
5521204 637 -321230
4877918 50933 -194965
5313257 407109 -143565
4885399 78247 -82659
4912280 50857 -150673
4157159 229164 -111943
3779718 -8069 7901
5904810 -236499 -240165
7240230 -56712 -554271
4239046 -250358 -146781
4239104 -90310 -6987
4267710 -447850 -108157
2876569 -38884 99093
4115664 184139 -17953
2972556 467496 112022
2281968 310387 7589
2389034 367196 127017
3618279 60368 57633
2774681 -301043 153316
2480369 704299 117149
3064766 -101198 96472
1110142 -230749 273272
3421160 48548 21224
2214450 -119674 194716
2913058 216061 99265
2321832 -240741 117170
2737212 145049 9844
2856739 447331 106731
2776949 43977 110077
3263088 732504 -11154
1323531 -109775 7691
1897589 -211803 20850
3078599 -122478 -49021
2046435 -297943 -35932
2126219 -297802 -43682
1991189 -315244 -10179
2514622 -424866 -59414
2553797 -277360 -129138
2246228 -250238 16013
2481795 -38895 -9603
2332911 -495161 131147
1830108 -563778 298258
2002130 -595718 136681
2439902 -948672 133232
2649453 -915772 122454
2640212 -670425 202114
3461854 -546578 18437
2666417 -391125 70252
2209043 -647319 73340
1246131 -394052 206239
1274398 -247175 264883
1939296 -356121 131533
1535343 -835162 216524
1249436 -424537 221288
688776 -314499 213050
512893 -271573 195266
609867 -217850 150133
647926 -228975 154830
654972 -137605 220708
605063 -161206 301111
412485 -113111 335809
592172 -273079 100275
1165306 -230697 102631
248743 88575 142312
853178 -54243 162464
401645 -150448 281541
455153 -302348 338853
701896 -343183 378777
930016 262157 408427
1585077 287402 262940
1542998 -250870 271885
1837452 -384047 211306
2303177 -131837 118004
1702191 -241563 223597
3399335 -466640 -969
3552720 -483676 67265
2538412 -152590 174592
4332802 -370523 -110530
4842149 -770169 -289112
5437663 -452259 -254642
5119715 -670193 -293295
4676101 -317742 -166493
5727978 27600 -225956
4897958 -93526 -91320
4598327 -160525 -42855
4061526 92211 -5957
3457345 176314 175944
4884313 -429865 45407
5965048 -918387 -227073
3458114 -387522 45058
3933995 9223 102519
3274363 -421510 124349
2824405 253105 165224
4397116 139315 -67992
3894009 542851 -60954
2609667 330949 3985
3214998 487257 -38693
3727607 216093 69440
2748629 -9276 99875
3722411 694103 -108603
2961100 184063 156725
1408059 211398 145627
3559203 67454 -12191
2452266 222108 117168
3501691 270757 -44023
2286629 -6037 80989
3028881 116355 -57475
3854899 461333 -119171
3225338 145172 -36936
4564294 406346 -315581
1130586 -55858 53676
1640007 -145169 53905
3065072 -305641 -131553
1627112 -321657 10169
1673508 -336326 13097
1590132 -301612 28910
1809758 -444619 53570
1947680 -449453 -28046
2054140 -250598 -9122
2649413 -220594 -134347
2153484 -369170 25153
1863812 -132160 138752
1648298 -420893 71909
1575412 -680905 153285
1865740 -705970 110831
2082206 -212700 249281
2888022 -514736 35587
2394048 -335123 31325
1581035 -496916 95659
1236095 -88848 109267
1632915 104968 85814
1947335 -230031 5821
890273 -371767 233073
1115724 2499 187895
769953 20211 117400
518501 64626 148915
577632 51322 127689
670774 34290 103971
853595 241800 158640
920455 350671 208234
775694 502096 264356
359821 -24682 134416
1061700 -19480 94172
392387 409279 186131
948969 257726 165302
458385 471201 324551
442028 441928 373415
627982 524773 447335
1939950 952018 240786
2302262 771004 184374
1368652 425865 380538
1410416 191781 348776
2160057 157112 182999
1477481 321425 333615
2329498 -146708 315811
2714040 -114357 291661
2388569 308103 268909
3262402 -292023 196625
3068902 -989478 82649
4148969 -696173 42869
3419690 -904350 86621
4022749 -561863 -76733
5479301 -411409 -202202
4726825 -283333 -98305
4247793 -137437 40762
3971132 201978 92551
3912951 536623 134329
4266563 -169961 177976
3844723 -819203 293040
2767158 -74911 235435
4160184 199383 51398
2909839 -92471 169047
3559025 448243 5307
4816366 -185911 -251281
4671329 231220 -223184
3081894 276485 -66068
3937790 220646 -191708
4290340 222205 -73516
3157644 12610 -68631
4408213 394865 -168019
3649826 346049 -19391
2150932 290645 -58717
3807989 -51578 -111884
3226810 237164 -109339
3812160 111143 -93943
2565127 25806 -30281
3250014 -99358 -145711
4487286 18362 -282140
3511206 -66426 -138745
4764620 -350203 -386843
982655 124366 129232
1506987 -6014 77730
2442564 -521023 -44136
1154144 -229795 92662
1156081 -214564 113755
1175762 -176541 101884
1166870 -198109 187448
1216495 -363713 107191
1685235 -222710 46089
1959583 -350334 33618
1619970 -243448 118221
2010486 50465 59806
1053629 -166488 195594
918918 -298544 221855
1099151 -395564 199798
2389593 192343 116315
2271915 -358063 109681
1862262 -141347 152578
1072480 -231918 155479
1349168 82116 60466
2033297 146754 -28797
1676233 -218387 25306
830866 55551 192091
1518023 272556 77694
993503 194561 68976
812878 329287 107774
772516 307850 120788
889661 196549 61091
1384513 495240 90730
1741777 641662 72411
1914052 857840 73396
475787 243252 132287
1135849 151971 91033
979089 803675 193644
1295671 631455 205466
1555330 997172 173082
1665828 1005349 165398
2119877 1190556 183283
3742828 1103142 -82013
3748995 888239 -72316
2538190 1049516 200300
2202851 811886 227468
2452665 570791 212237
2252476 962636 277824
2465364 579984 349188
2980989 482579 256811
3277092 733427 115336
2975626 267549 310437
1708055 -532750 332469
3043789 -318422 291475
2009210 -368453 408672
3067303 -574970 84983
4614170 -699161 -72320
4235980 -438343 -43518
4330046 -131005 -48661
4501845 296235 -24444
5152442 520740 -161161
4519328 86516 55667
3194429 -75562 377616
3181316 318751 113713
4845954 82925 -174549
3272657 107422 21703
4344579 260065 -174274
4270096 -692084 -206006
4573440 -191600 -174794
3424527 67899 -137072
3709675 -69234 -66066
4623522 -47382 -175677
3050912 -145951 -51946
4542516 102528 -120894
4323381 95839 -207570
2512810 71216 -134698
3667668 -320738 -130996
3550862 -133629 -222520
3777596 -46603 -66443
2426917 3180 32948
2887221 -355534 -89296
3868840 -413908 -107630
2973552 -211438 26650
3453880 -862826 -93936
1190017 424737 156905
1653773 117233 39691
1429484 -372690 191204
793533 73230 210061
952622 85023 171314
980527 98018 166720
1056494 244146 242917
862562 -81818 161886
1336562 -40519 136195
1343560 -89302 197818
1345315 103076 202816
2057737 195001 90398
972416 322198 261362
871627 148887 210157
786692 75330 263237
3091558 196344 -94430
2052132 -138129 98138
1928460 168137 130530
1014681 72852 146508
1485090 188431 60120
2083012 98684 1337
1337107 -86315 102585
1233280 364351 111459
2002141 340213 3424
1181640 358967 105539
1423884 458142 17079
1379782 471859 30018
1124287 315871 69743
2181169 573589 -18924
2836244 591764 -126825
3258574 771870 -147340
782715 526112 164605
1175996 420623 193619
2221097 1084044 69371
2255907 1000963 145055
3243137 1070034 -99385
3305535 1066176 -86288
4146999 1190137 -165158
5036801 752369 -235204
4806396 573430 -208596
4542842 1061910 -194630
3892593 932984 -112627
3529846 866498 62925
4016569 1265593 6935
4073329 959583 540
4304883 708167 -46152
4801687 617804 -237889
4019366 684359 74651
1579628 127067 302291
3228201 203646 191642
2183057 441835 352184
2110218 -160742 329987
3431588 -639195 141472
3494559 -398934 90893
4197201 -287612 -80365
5061126 77364 -179226
5774804 4921 -310668
5000403 8298 -124372
4076805 401677 79534
4142711 262575 -164958
4892916 -390949 -258064
3615304 15153 -95542
4455483 -127753 -193182
2840731 -836920 70337
4015931 -425559 -71307
3350786 -218375 -137368
3389698 -58653 40186
4311689 -372161 -133363
2483788 -65143 139679
4379255 -63851 -44719
4125123 -313844 -170772
2265939 -118689 -42134
2927241 -446681 17366
2876889 -444665 -63104
3619597 -158683 -43150
2359226 152214 92856
2239027 -417938 19408
2943183 -376846 112500
2491486 37512 190576
1910935 -710193 221171
2005180 642678 39777
1902056 147071 -8690
1185775 97918 235270
1079535 521162 214223
1395229 357713 79292
1327887 411253 127786
1687436 675392 171281
1024431 208929 121013
1423232 259903 145549
1640156 249816 108346
1964784 385547 47178
2438532 354271 46151
1973437 669706 51393
1452587 460922 95156
1210988 574126 221058
3133986 -11302 -74177
2074874 13497 62706
2397769 325915 37911
1219380 359850 150729
1571127 384131 142478
1970744 211683 111747
1330145 141179 116684
1957484 463606 -17919
2371459 330260 -11206
1602501 604756 130028
2011779 420680 -44992
2090173 411508 -81813
1458612 488371 97341
2907163 430649 -112207
3427315 228222 -202415
3895797 420437 -165128
1401734 900504 202609
1694122 886532 248601
3678308 1050289 -93359
3689339 1143539 -5774
4449117 707010 -232022
4381549 805479 -145620
5348946 716035 -269622
5493981 302219 -206509
5027256 210240 -137919
5792974 411102 -408554
5042901 481706 -297262
4769215 810683 -104267
5764667 1006445 -248043
5617257 608049 -315359
5354892 369022 -258840
5452678 -65882 -393602
5255599 550498 -182550
2302383 579168 148283
3942585 390000 17928
3513663 866580 70841
2292297 564126 337857
2654204 -182497 293890
3002392 -105062 190480
3650934 -357760 12700
4926837 -294887 -168427
5199368 -508862 -176334
4989998 -322460 -185591
5095683 246303 -209467
4445833 -218438 -281603
3859786 -739556 -63651
3548353 -191930 -104577
3987980 -437165 -115979
1777192 -496638 235497
3473703 -530067 -43785
2804734 -408703 -40678
3565669 -60543 -57184
3631456 -539515 -39878
2412051 330456 224110
4166401 -89209 12279
3367403 -503172 -25465
1932759 -94135 52113
2317223 -288642 118286
2088224 -386453 92307
3276298 -179263 29333
2804560 255582 -7406
1780548 -334460 53931
2822027 -174832 49140
2935826 350854 86776
1304356 -163649 292046
3002206 542116 -128781
2095635 94139 -39084
1898364 385484 39492
2185896 781017 24205
2122190 351986 -75626
2161999 519899 -25772
2917703 828714 -28283
1545048 355911 21512
2073477 437304 19849
2296609 289313 -52519
2726339 272222 -132890
3047599 328706 -65336
3113340 512651 -176970
2259160 514443 -38203
2382061 843082 27953
2838824 -31215 39168
2179558 128415 48272
2819764 366538 6142
1851494 628120 92459
2208141 657777 93535
2354150 445300 88540
1695145 331364 62762
2561808 324798 -105686
2741713 286659 -37302
2565974 774282 15542
2424294 309146 -65122
2432486 222101 -92660
2212092 620306 13929
3171952 216624 -87909
3186720 -53088 -65988
3893968 231725 -29168
2824505 1186762 43814
3276597 1200840 23627
4768315 778601 -166970
5109861 976853 -156278
4796503 290497 -169468
4967145 559535 -106072
5601359 266558 -170802
5416101 -24991 -116238
4909734 46669 -35716
5449396 -279025 -238174
5005210 -33786 -188701
5559956 538299 -153034
6574785 436747 -285224
5791617 -28461 -267820
5327913 -121306 -196480
4525171 -658420 -158452
5635849 132663 -199173
3392903 685315 -43251
4442802 364477 -33935
4845711 770943 -143574
3860478 916230 -6970
2991633 334597 184857
3208877 244344 133490
3233345 -279738 53830
4184600 -496014 -23942
4091719 -629587 47975
4226014 -587803 -56637
5120256 -225827 -215787
3620923 -652830 -119698
2661350 -629273 150444
3127547 -348751 -41837
3231828 -568764 -10237
1653354 -68478 169859
2798685 -583646 6210
2140000 -364764 75212
3472744 -226332 -77450
2902710 -541796 39079
3283229 646420 64795
4093189 -61089 11870
2689541 -463437 55918
1933297 3740 33312
2241234 -85189 72355
1853327 -214610 65576
3066523 -72155 64426
3202643 136085 -91295
1487371 -221773 60522
2900429 -219233 -64608
3710662 324452 -94674
1740336 283342 135779
3438310 240060 -148132
2121777 23556 -25690
2616173 281185 -120751
3455536 576047 -222009
2432474 153036 -100205
2881943 330991 -148739
4099321 559419 -231770
2153839 277888 -100271
2805492 323392 -126812
2576499 136983 -80812
2735552 33282 -73790
3348503 159566 -89378
3354851 161669 -138153
2924935 332783 -139443
3757707 630665 -238308
2909868 42286 12360
2519819 154445 -34544
3390322 296474 -93875
3088521 574082 -172308
3499299 586133 -184695
3305478 421501 -126602
2386968 316379 -90267
2731429 124570 -83254
3063920 173476 -75663
3794874 580417 -214105
2695029 165197 -79185
2481126 80691 -50219
3201120 468665 -171048
3223129 92426 -45215
2891119 -65097 32451
4145083 189396 -45825
4768608 916987 -327518
5188970 877905 -339636
5436796 414742 -197358
6118386 554757 -257851
4713617 64972 -61099
5489029 329777 -138061
5478677 49362 -53864
5019376 -128479 17113
4867936 15828 -4952
4284048 -412292 102790
4368634 -189219 29651
5908189 248274 -134645
6363540 33813 -99987
4918574 -271509 32421
4537683 -277017 49304
3023580 -602495 204394
5224713 -99138 -21629
4311651 439012 -192415
4890860 247107 -93579
5581326 406252 -205841
5254031 596515 -272843
4074948 416990 -109418
3991954 312217 -76662
2978044 -159675 68818
3353457 -373902 140991
3274630 -386631 177124
3153801 -477258 167678
4116235 -392580 72537
2253688 -581676 192517
2161589 -283524 169206
2468801 -300172 97311
2334114 -432151 155806
2072953 104010 2886
1929392 -432583 156705
1812367 -177769 99270
2886040 -251254 66995
2199402 -365229 143338
4472691 517624 -188063
4040520 -42375 12207
2157761 -291196 120821
2045644 21969 -7749
2338125 -10123 12381
1735245 -119074 45436
3157507 13570 14692
3128987 -5857 -33890
1332854 -101857 57584
2371517 -261634 54975
3920038 106574 -92846
2595062 319415 -94600
3450116 0 -103506
2078250 0 -2820
2834994 0 -153594
4000866 0 -329250
2417880 0 -62694
3112262 0 -175928
4565732 0 -309642
2444668 0 -163538
3102886 0 -183222
2601918 0 -63414
2534490 0 16110
3393272 0 -74728
3217480 0 -48060
3198828 0 -184398
4372788 0 -363192
3056414 0 -39626
2764192 0 -104106
3752644 0 -182796
3822282 0 -357882
4210778 0 -358642
3841188 0 -261650
2812562 0 -201590
2714238 0 -50352
3192896 0 -93144
4380868 0 -337054
2790018 0 -84506
2485142 0 -35174
3680732 0 -273038
3275978 0 -47752
2859382 0 32380
4429400 0 -124224
5735626 0 -538988
6011318 0 -499480
5684868 0 -214496
6472660 0 -290268
4633058 0 -14176
5755622 0 -180306
5385972 0 -5046
4769088 0 94912
4884202 0 -7898
3674546 0 270422
4019288 0 135422
5991072 0 -117996
6056420 0 34222
4381960 0 198770
4050216 0 193956
2344810 0 361190
4897958 0 93068
4635726 0 -236268
5131566 0 -142770
5776720 0 -203328
5649806 0 -313726
4667204 0 -268876
4457058 0 -204754
2850962 0 88932
2984674 0 217182
3014552 0 205850
2637912 0 283518
3437428 0 272948
1578830 0 352248
2121800 0 127734
2111406 0 183750
1881500 0 253960
2339910 0 -86408
1481462 0 252716
1762050 0 83304
2536884 0 159472
1861968 0 207882
5006640 0 -302588
3982076 0 27846
1912890 0 162284
2067394 0 -12366
2361172 0 748
1619004 0 69380
3244098 0 -18604
2985962 0 23846
1309760 0 45928
1949770 0 175400
3822336 0 -30614
3009224 0 -200886
