63
62
62
62
62
63
62
62
62
62
63
62
62
62
62
63
62
62
62
62
63
62
62
62
62
63
62
62
62
62
63
62
62
62
62
63
62
62
62
62
63
62
62
62
63
64
63
62
65
65
64
64
72
67
67
69
68
72
70
71
88
93
129
134
148
197
174
145
170
152
166
166
192
170
200
203
226
290
287
360
365
426
450
519
544
555
645
571
581
604
551
569
506
519
554
456
528
498
487
528
477
360
348
294
284
249
217
228
209
180
195
182
186
206
194
208
208
193
188
222
207
172
189
209
179
216
193
250
249
232
203
200
177
234
221
237
204
250
269
249
218
270
304
316
402
412
508
378
452
451
367
461
345
362
379
326
394
582
383
723
519
737
737
295
302
357
273
222
258
315
428
345
737
393
737
738
259
737
737
235
738
155
737
737
162
738
172
737
737
167
738
737
116
737
110
738
696
127
287
126
102
91
80
69
67
85
62
62
62
62
63
62
62
62
62
63
62
62
62
62
63
62
62
62
62
62
62
62
62
62
62
62
62
62
62
62
62
62
62
62
62
62
62
62
62
62
62
62
62
62
62
62
62
62
62
62
15
15
15
15
15
15
15
15
15
15
15
15
15
15
15
15
15
15
15
15
15
15
15
15
15
15
15
15
15
15
15
15
15
15
15
15
15
15
15
15
15
15
15
15
15
15
15
15
15
15
15
15
17
17
17
17
20
28
36
38
41
52
79
56
83
69
62
78
75
95
84
114
81
149
245
173
285
166
186
184
222
219
243
281
393
455
571
549
426
412
406
357
331
385
376
368
389
350
330
326
328
299
295
269
281
301
334
381
421
562
565
517
646
506
614
690
605
678
664
599
650
675
690
690
690
659
666
630
638
605
575
689
672
689
659
689
655
646
645
689
607
689
571
643
609
544
579
540
594
520
443
350
287
227
240
215
224
184
203
242
157
417
614
255
531
325
228
227
158
167
164
138
247
163
689
689
222
689
689
140
497
124
101
49
48
37
33
41
71
50
560
526
71
689
124
689
689
174
677
235
689
568
131
551
177
81
87
74
48
34
36
36
39
29
28
28
21
21
16
18
17
16
15
14
14
15
14
14
14
14
14
14
14
14
14
14
14
14
14
14
14
14
14
14
14
14
14
14
14
14
14
14
14
14
14
14
36
35
36
35
36
35
36
35
36
35
36
35
36
35
36
35
36
35
36
35
36
35
36
35
36
35
36
35
36
35
36
35
36
35
36
35
37
35
36
36
36
37
37
35
46
52
43
76
81
65
92
54
55
67
64
70
73
80
94
97
148
167
159
200
223
203
230
224
271
272
296
329
315
322
342
332
333
300
329
299
353
379
362
403
430
478
711
710
632
710
601
707
491
471
443
463
405
408
353
322
299
306
230
265
261
236
228
197
180
161
189
195
244
184
215
217
230
199
190
196
264
242
289
263
237
250
263
274
281
350
294
328
321
406
416
378
409
377
444
414
385
453
404
409
500
475
537
519
468
581
407
425
414
395
495
361
499
432
341
528
316
679
676
308
466
485
249
266
301
298
433
308
586
371
711
710
242
366
176
144
129
122
114
102
97
79
88
83
402
99
711
710
112
710
157
710
711
157
711
182
711
710
126
710
433
102
242
115
410
159
81
78
56
74
62
58
50
47
37
37
40
40
36
37
35
35
35
35
35
35
35
35
35
35
35
35
35
35
35
35
35
35
35
35
35
35
35
35
35
35
35
35
35
35
35
35
44
43
43
43
43
44
43
43
43
43
44
43
43
43
43
44
43
43
43
43
44
43
43
43
43
44
43
43
43
43
44
43
43
43
44
45
45
43
48
44
46
58
61
59
105
115
66
63
76
81
86
91
106
89
113
140
142
173
180
169
191
200
230
247
239
251
268
217
264
287
318
320
344
362
340
376
416
396
470
496
538
617
618
704
714
679
718
718
686
718
535
570
605
494
507
478
469
405
345
296
246
208
232
228
177
166
165
127
162
180
150
162
171
151
164
144
173
166
170
153
171
165
210
187
159
199
155
176
216
197
207
187
164
184
215
207
229
209
299
263
273
263
284
317
413
367
453
449
469
560
364
501
417
387
674
363
718
453
168
440
257
290
220
217
229
234
209
277
243
334
431
303
611
452
718
719
269
718
247
213
302
166
167
168
119
102
110
98
718
136
719
718
100
718
120
719
595
140
294
162
642
718
155
718
457
150
232
171
141
286
128
212
115
203
192
109
183
108
94
105
75
138
51
44
43
44
43
43
43
43
44
43
43
43
43
44
43
43
43
43
44
43
43
43
43
44
43
43
43
43
43
43
43
43
43
43
63
63
63
63
63
63
63
63
64
63
64
63
63
66
65
65
63
67
69
81
82
76
80
78
91
83
99
97
100
91
95
98
118
128
133
132
150
159
150
153
165
135
141
125
134
144
151
146
162
145
170
163
166
167
183
179
194
223
230
268
302
322
314
356
377
370
400
456
462
501
474
452
478
461
486
498
504
464
511
485
476
475
461
493
543
481
738
710
479
681
374
379
313
284
283
238
280
275
212
438
301
207
163
175
177
189
175
169
173
160
187
188
177
177
190
227
194
222
196
202
219
170
215
195
182
179
169
159
159
149
151
159
177
172
139
154
149
158
183
159
154
163
166
192
191
175
196
247
220
221
239
236
215
216
225
238
235
236
274
307
272
276
317
348
360
375
423
623
453
395
584
421
519
504
616
737
517
737
737
737
737
737
737
737
737
737
594
737
737
339
404
239
166
135
104
94
92
99
100
82
70
73
71
68
69
65
65
66
66
64
64
65
64
64
64
64
62
62
63
63
62
64
62
62
62
62
62
62
62
62
62
62
62
62
62
62
62
62
62
62
62
62
62
62
62
62
62
62
62
62
62
62
62
62
62
62
52
51
52
51
52
51
52
51
52
51
53
51
52
51
52
52
52
52
55
54
58
56
56
54
53
58
54
59
61
60
73
74
90
75
77
87
100
97
100
95
107
98
108
106
110
118
107
104
99
126
123
117
121
119
130
157
147
138
147
167
171
177
195
223
218
233
215
252
222
277
274
234
265
278
325
253
242
223
254
254
242
257
252
362
372
312
359
409
339
532
332
516
355
225
225
174
175
171
160
172
157
181
160
149
163
167
163
163
182
191
195
196
210
179
196
200
210
228
240
257
258
285
302
351
367
405
417
466
527
563
581
684
727
726
727
726
727
726
727
726
727
726
727
726
727
726
727
726
727
700
606
543
454
385
325
322
277
249
285
262
250
249
256
215
227
242
175
241
246
157
190
247
276
252
401
588
380
726
727
635
727
715
727
726
502
726
439
527
356
177
195
122
132
106
112
92
70
70
63
60
54
53
54
53
52
51
53
51
52
51
52
51
52
51
52
51
51
51
51
51
51
51
51
51
51
51
51
51
51
51
51
51
51
51
51
51
51
51
51
51
51
51
51
51
51
51
51
51
51
51
51
51
51
51
51
51
68
68
68
68
68
68
68
68
68
68
69
68
68
68
69
69
72
69
70
73
74
70
72
74
76
78
76
98
105
108
117
141
119
118
138
118
110
153
128
128
122
117
117
99
109
118
119
127
133
142
149
146
145
142
159
160
167
169
165
189
193
176
205
216
208
204
237
239
260
273
267
305
316
343
359
370
344
347
387
397
396
399
379
339
358
337
317
301
291
265
242
231
205
199
217
203
195
178
168
177
170
162
175
169
179
183
174
183
177
199
194
202
211
202
213
213
201
211
209
223
188
190
230
246
259
221
281
261
308
292
325
357
388
450
498
510
572
593
628
638
670
638
647
643
632
594
555
488
502
474
441
425
421
347
318
306
298
281
268
284
253
280
259
264
268
249
256
375
301
302
326
254
304
329
388
510
449
711
743
645
743
743
743
743
743
743
581
743
717
353
373
300
158
165
125
110
120
106
92
97
84
80
74
75
73
69
67
67
68
67
67
67
67
67
67
67
67
67
67
67
67
67
67
67
67
67
67
67
67
67
67
67
67
67
67
67
67
67
67
67
67
67
67
67
67
67
67
67
67
67
67
67
67
67
67
67
66
66
66
66
66
66
66
66
66
68
68
69
71
66
67
71
78
84
80
91
100
150
155
174
212
168
194
212
130
132
126
135
150
137
118
129
127
144
131
147
146
140
142
162
153
192
158
161
184
166
171
171
192
202
209
216
209
237
243
242
283
263
280
288
282
299
298
331
355
367
370
431
415
453
456
521
504
511
524
575
537
548
509
524
540
553
535
481
465
438
436
378
432
342
292
273
254
238
228
200
196
198
206
187
215
192
207
194
201
205
206
211
219
228
229
248
231
217
236
256
270
240
225
237
208
201
210
197
219
201
198
200
196
210
203
202
204
191
189
175
192
173
199
173
178
196
164
162
177
212
195
205
209
194
187
193
225
219
222
204
235
240
289
219
275
281
353
270
394
361
419
305
296
326
309
390
421
597
741
741
741
741
741
741
741
741
670
741
741
499
741
608
312
275
202
172
135
126
121
105
92
101
87
85
79
75
73
72
70
70
68
70
66
66
67
67
68
67
67
66
68
65
67
68
65
65
65
65
65
65
65
65
65
65
65
65
65
65
65
65
65
65
65
65
65
65
65
65
65
65
65
65
65
65
65
65
34
34
34
35
35
36
37
39
44
38
50
52
61
59
78
78
83
93
110
105
102
108
131
148
168
192
188
183
212
222
218
267
465
285
294
216
207
193
205
201
210
230
211
223
222
249
243
243
257
251
253
293
266
274
280
285
298
260
294
247
262
252
270
273
277
318
269
284
272
287
284
284
254
271
275
283
291
265
256
248
298
288
258
254
256
280
256
268
247
259
247
236
239
223
252
238
229
226
245
257
213
226
225
262
237
224
261
238
219
209
209
218
229
243
204
198
210
219
220
229
188
208
226
230
184
219
235
216
248
229
217
217
229
240
226
265
215
260
272
263
274
259
286
328
317
329
376
276
440
340
302
404
343
341
308
284
349
368
329
347
345
388
350
375
385
370
410
366
371
463
431
458
469
473
530
542
565
707
709
709
709
709
709
709
709
709
709
709
709
620
546
381
266
266
206
206
155
139
132
95
89
66
73
64
48
45
43
45
45
39
38
34
35
36
37
35
36
39
35
34
39
34
35
37
36
37
36
37
35
34
35
35
34
34
35
34
34
34
34
34
34
34
34
34
33
33
33
33
33
33
33
33
33
33
33
33
26
29
28
26
26
28
30
31
31
37
38
31
33
48
51
55
67
67
60
66
69
85
152
106
119
104
113
101
101
104
95
88
108
101
94
117
110
108
109
102
115
123
117
113
126
142
119
111
131
127
133
135
138
149
136
143
146
157
156
165
187
170
167
187
191
183
187
198
225
223
216
199
213
200
250
218
220
244
259
258
243
279
249
277
237
228
251
242
227
218
228
213
206
222
203
207
208
186
178
199
211
195
209
211
220
235
215
223
230
190
258
217
223
238
220
275
273
217
280
287
281
284
310
332
333
330
354
399
414
409
418
402
436
457
457
484
525
474
483
508
518
507
507
545
561
570
545
539
515
508
492
545
475
406
455
402
376
398
350
338
345
378
360
373
346
419
415
412
484
479
457
420
404
415
413
452
490
518
701
701
701
701
701
701
701
701
701
701
701
701
701
595
488
450
303
227
187
148
129
96
77
66
55
54
51
43
37
34
35
33
30
36
32
30
33
29
33
30
30
27
28
28
28
27
28
29
29
28
31
26
27
26
28
27
27
26
27
25
27
26
25
25
25
25
25
25
25
25
25
25
25
25
25
25
25
25
33
33
33
38
44
45
61
71
69
89
107
116
136
315
706
380
706
545
706
706
706
706
706
706
706
706
706
706
571
706
522
706
597
377
605
334
299
303
238
268
227
226
230
210
230
227
219
241
210
253
244
248
247
273
222
251
251
228
241
269
258
263
237
244
232
240
238
231
226
253
218
204
214
214
203
205
194
227
207
218
237
194
190
200
211
215
228
208
186
208
214
211
189
198
180
170
173
179
160
162
153
154
121
134
136
132
136
117
122
132
120
107
121
138
128
113
106
120
115
113
148
149
129
138
148
160
142
146
140
124
134
129
132
153
145
145
164
172
166
184
206
203
237
224
282
293
258
263
249
262
268
275
291
260
255
286
270
289
273
256
264
259
261
256
271
299
307
361
344
365
342
381
339
362
339
323
300
296
318
323
315
325
446
486
485
704
679
706
706
621
706
642
412
374
330
294
234
192
180
159
135
110
104
101
87
68
66
62
48
50
49
44
42
39
37
40
39
32
33
34
34
33
32
32
33
34
30
31
31
31
30
30
30
31
32
31
31
30
32
30
30
30
30
30
31
30
30
30
30
30
30
30
30
30
30
30
19
18
19
20
19
19
22
25
24
29
37
38
62
56
84
96
106
124
157
191
193
266
264
268
235
244
272
283
296
288
281
266
281
286
278
291
302
309
287
326
276
302
314
331
302
288
309
309
302
332
338
353
327
304
339
323
260
296
280
327
310
324
312
348
295
345
317
335
304
317
353
272
298
278
290
311
271
307
263
251
247
277
240
292
271
235
264
256
236
234
233
217
207
224
186
188
201
206
190
191
193
192
198
199
294
254
190
256
163
175
165
143
169
161
161
147
144
166
159
151
171
134
119
131
124
128
184
146
158
154
239
241
201
268
173
271
178
169
186
198
224
253
286
361
351
279
353
296
403
423
274
378
273
245
222
224
217
231
241
242
231
260
230
270
307
270
285
258
281
314
358
335
371
393
417
410
396
545
541
550
694
693
693
694
693
693
694
693
693
694
693
693
694
693
693
694
552
325
313
187
164
116
87
71
47
45
39
30
26
23
21
19
19
21
19
19
20
18
18
19
18
18
18
18
18
18
18
18
18
18
18
18
18
18
18
18
18
18
18
18
18
18
18
18
18
18
18
18
18
18
18
18
18
18
18
18
55
54
55
54
55
54
55
54
55
54
55
54
55
55
58
63
61
69
67
72
72
83
81
79
80
77
81
91
89
89
96
105
103
128
103
108
116
123
132
139
138
142
157
160
147
158
137
160
135
154
152
153
143
139
155
129
132
129
128
134
130
119
133
134
152
117
119
111
117
111
115
114
94
90
110
101
96
98
91
94
97
82
97
91
78
95
101
99
91
96
101
99
94
104
110
102
115
106
116
128
130
130
128
128
128
129
143
172
145
175
166
170
190
230
199
230
230
300
282
268
346
339
362
380
418
458
494
501
549
551
642
659
686
729
730
729
730
729
730
729
730
729
730
729
730
729
730
729
730
729
730
729
730
729
730
729
730
729
730
729
730
729
730
729
730
729
711
671
687
676
631
597
619
590
616
536
440
454
334
324
277
233
195
176
152
142
124
122
93
97
93
75
77
64
68
62
61
61
59
54
57
57
55
57
54
55
56
55
55
54
54
54
54
54
54
54
54
54
54
54
54
54
54
54
54
54
54
54
54
54
54
54
54
54
54
54
54
54
54
54
54
54
54
54
54
54
54
54
54
54
54
54
54
54
54
54
57
56
57
57
57
56
60
56
61
56
58
61
60
62
61
66
66
70
69
68
77
68
73
76
85
81
91
83
102
95
102
110
114
103
111
101
110
122
124
114
114
134
129
127
117
128
141
127
144
120
133
133
129
121
107
117
117
118
125
122
118
128
100
100
106
104
121
101
110
95
104
90
103
95
86
87
88
81
93
87
81
90
93
86
86
91
87
89
87
86
87
79
88
91
89
87
106
101
97
105
117
107
126
117
146
149
133
142
151
179
189
177
221
210
244
242
256
318
293
340
366
388
403
455
504
523
560
612
605
664
688
731
732
731
732
731
732
731
732
731
732
731
732
731
732
731
732
731
732
731
732
731
732
731
732
731
732
731
732
731
732
731
732
731
722
716
654
621
634
594
606
603
519
537
526
475
432
387
440
342
324
270
200
163
172
134
129
122
99
85
83
79
75
78
62
68
61
61
58
62
61
67
60
60
61
58
57
59
56
57
58
58
56
56
58
56
57
57
56
56
57
56
56
56
56
56
56
56
56
56
56
56
56
56
56
56
56
56
56
56
56
56
56
56
56
56
56
56
56
56
56
56
56
56
56
56
50
57
61
63
70
62
75
77
111
120
153
213
211
630
492
225
269
163
150
140
114
105
94
115
126
110
142
109
99
135
102
97
99
96
92
87
94
88
89
91
80
86
95
85
90
100
92
86
99
103
92
102
91
96
91
95
86
85
85
76
78
84
79
86
93
75
77
66
76
71
73
63
66
59
71
57
71
70
59
60
66
63
68
62
62
66
69
69
73
73
75
76
84
85
91
87
93
104
98
108
127
122
118
124
133
139
162
155
157
145
171
204
198
232
209
212
273
276
279
333
312
330
417
442
467
487
489
563
625
650
639
722
723
722
723
722
723
722
723
722
723
722
723
722
723
722
723
722
723
722
723
722
723
722
723
722
723
722
723
722
723
722
723
722
723
722
649
666
659
613
585
551
538
512
490
477
456
389
366
332
319
253
238
241
209
191
163
157
146
124
104
104
88
85
75
69
66
59
68
69
53
52
59
52
54
53
50
49
54
48
49
49
51
51
48
48
47
49
50
47
49
48
47
48
48
47
48
48
48
47
47
48
47
47
47
47
47
47
48
47
47
47
47
47
47
47
47
47
47
47
47
47
47
47
47
47
60
60
60
60
60
60
60
60
60
60
60
61
60
60
60
61
61
62
64
66
68
62
68
71
73
72
73
73
80
71
76
71
83
81
93
83
81
97
82
87
84
86
86
87
89
79
93
81
81
82
86
86
78
79
79
86
85
78
78
75
77
73
76
72
75
68
79
75
76
68
70
76
70
70
71
70
66
69
67
81
66
73
78
72
75
73
77
82
88
88
90
95
97
108
108
106
111
122
124
127
119
122
125
139
148
161
149
175
171
184
175
205
221
237
236
240
290
314
299
355
381
409
431
465
455
518
579
628
618
689
735
735
735
735
735
735
735
735
735
735
734
734
734
734
734
734
734
734
734
734
734
734
734
734
734
734
734
734
734
734
734
734
734
734
734
734
734
734
702
673
665
638
679
535
535
501
444
417
370
332
291
279
225
218
202
201
163
139
137
142
114
114
94
90
89
81
91
79
74
67
69
73
60
66
63
61
60
61
60
60
60
61
60
60
59
59
59
59
59
59
59
59
59
59
59
59
59
59
59
59
59
59
59
59
59
59
59
59
59
59
59
59
59
59
59
59
59
59
59
59
59
59
59
59
59
59
