87
87
87
87
87
87
87
87
87
87
87
86
87
87
87
87
87
87
87
92
96
123
220
475
463
400
305
230
230
210
216
386
762
762
761
762
762
762
762
762
762
762
762
762
762
762
761
762
762
762
762
677
503
425
574
571
569
483
352
191
180
164
140
182
201
179
196
163
171
163
174
212
259
246
285
273
224
200
216
331
468
761
762
719
762
762
546
422
404
596
596
533
363
235
174
192
254
216
373
452
409
348
353
276
276
281
253
248
252
253
288
346
332
280
272
237
203
268
248
190
216
298
266
185
197
202
215
229
355
316
297
215
174
136
121
103
104
114
138
146
147
152
153
101
92
87
87
87
87
87
87
86
87
87
87
87
87
87
87
87
87
87
86
87
87
87
87
87
87
87
87
87
87
87
86
87
87
87
87
87
87
87
87
87
87
87
86
87
87
87
87
87
87
87
87
87
87
86
87
87
87
87
87
87
87
87
87
87
87
86
87
87
87
87
87
87
87
87
87
87
87
86
87
87
87
87
87
87
87
87
87
87
86
87
87
87
87
87
87
87
87
87
87
87
86
87
87
87
87
87
87
87
87
87
87
86
91
91
91
91
90
91
91
92
94
93
100
99
103
103
108
102
118
112
121
127
131
129
156
157
171
179
208
248
374
733
766
766
515
392
397
330
284
286
249
301
254
291
333
699
766
766
766
766
765
766
766
766
766
765
766
766
492
543
548
378
227
243
163
156
152
148
158
160
143
133
141
138
130
155
134
145
164
135
141
137
131
137
125
130
152
150
149
140
140
151
132
138
133
138
121
114
118
112
121
143
157
157
223
211
184
208
226
233
230
233
232
287
283
448
334
306
310
348
482
494
647
766
766
766
766
521
766
766
766
606
593
523
639
507
526
552
567
272
300
319
347
134
104
98
98
99
100
96
103
97
96
98
100
97
97
99
103
95
99
96
101
96
98
98
100
99
96
97
99
92
99
98
99
98
94
95
99
100
97
97
99
99
96
99
94
104
99
100
100
97
101
98
101
97
99
102
96
105
104
110
103
106
106
109
112
115
151
189
379
766
246
163
124
101
93
92
91
90
91
91
91
91
90
91
91
91
91
90
91
91
91
90
91
91
91
91
90
91
91
91
91
90
91
91
91
91
90
91
91
91
91
90
91
91
91
90
89
88
88
88
88
88
88
88
88
88
88
89
88
89
90
92
102
111
109
120
134
138
144
170
189
212
230
234
367
763
763
763
456
431
396
409
369
362
374
367
363
392
374
369
377
385
417
501
689
763
763
763
763
583
225
244
420
763
530
573
763
725
763
763
763
763
764
763
479
275
166
149
148
135
143
153
133
151
127
154
131
120
131
128
126
143
127
130
155
121
111
117
108
109
118
125
113
126
113
128
116
156
151
214
258
191
151
134
135
145
115
113
123
122
110
116
119
118
118
126
119
131
132
128
139
139
206
369
377
411
409
312
277
182
159
113
114
117
127
194
266
421
629
402
323
604
473
563
617
593
763
725
763
763
763
764
489
93
91
94
92
90
91
93
90
93
93
93
92
94
90
92
96
91
94
89
94
92
95
94
91
93
91
93
93
94
94
94
90
98
95
90
98
91
96
96
96
96
98
93
98
96
100
97
103
125
145
183
437
763
288
141
123
115
109
93
89
88
88
88
88
88
89
88
88
88
88
88
88
88
88
88
88
89
88
88
88
88
88
88
88
88
88
88
89
88
88
88
88
88
88
88
88
88
88
88
67
67
67
67
67
67
67
67
67
67
67
67
67
67
66
67
67
67
67
67
67
67
67
67
67
67
67
67
66
67
67
67
67
67
67
67
67
67
117
641
616
643
741
742
676
742
742
742
689
742
544
742
742
742
742
742
741
742
742
742
742
742
742
742
742
742
742
742
327
459
353
361
255
240
265
267
248
245
221
165
177
198
209
204
177
188
184
200
252
234
182
219
240
244
305
336
431
499
427
520
559
541
430
341
320
258
184
237
158
195
232
286
311
303
285
268
320
266
288
311
299
355
378
421
326
243
375
423
341
290
226
238
336
211
290
272
250
269
234
271
317
364
450
425
320
372
407
553
424
569
358
439
483
378
301
159
148
67
67
67
67
67
67
67
67
67
67
67
67
67
66
67
67
67
67
67
67
67
67
67
67
67
67
67
66
67
67
67
67
67
67
67
67
67
67
67
67
67
67
66
67
67
67
67
67
67
67
67
67
67
67
67
67
66
67
67
67
67
67
67
67
67
67
67
67
67
67
66
67
67
67
67
67
67
67
67
67
67
67
67
67
66
67
67
67
67
67
67
67
67
67
67
67
67
67
66
72
72
71
72
72
71
72
71
72
72
71
72
72
71
72
71
72
72
71
72
71
76
97
225
369
358
423
360
225
199
187
211
278
746
747
747
746
747
747
746
747
746
747
747
746
747
747
746
747
746
747
747
649
563
652
536
531
746
747
565
271
159
102
149
120
130
151
119
171
145
174
191
125
155
170
169
187
167
150
158
146
176
221
264
184
210
195
244
295
436
487
479
405
341
409
453
432
501
747
746
747
657
715
722
746
747
747
602
437
370
333
358
242
196
158
135
144
172
148
184
199
184
221
170
191
177
203
222
228
207
197
214
193
213
327
294
273
326
388
461
390
393
236
238
249
233
298
139
87
73
74
72
73
72
71
72
71
72
72
71
72
71
72
72
71
72
72
71
72
71
72
72
71
72
72
71
72
71
72
72
71
72
71
72
72
71
72
72
71
72
71
72
72
71
72
71
72
72
71
72
72
71
72
71
72
72
71
72
71
72
72
71
72
72
71
72
71
72
72
71
72
72
71
72
71
72
72
71
72
71
72
72
71
72
72
71
72
71
72
72
71
72
71
72
72
71
72
72
71
72
71
72
72
71
72
71
122
121
121
122
121
121
122
121
121
121
122
121
121
122
121
121
122
121
122
125
123
121
126
129
134
139
143
163
166
187
229
257
403
517
660
356
269
242
208
209
207
216
227
271
301
418
511
797
796
796
588
477
260
197
200
225
168
286
350
497
750
464
228
161
181
167
153
150
146
156
151
148
137
153
151
152
161
155
152
145
145
153
154
141
143
148
162
154
163
175
151
190
164
159
155
159
163
184
213
466
796
343
247
212
187
188
195
197
212
184
191
200
201
357
205
210
191
179
200
179
171
198
223
189
202
205
205
225
212
199
186
209
209
227
260
282
343
334
398
372
385
338
372
437
458
366
330
301
256
200
175
201
163
185
192
173
173
165
160
166
167
160
168
173
161
166
170
165
167
173
172
164
181
170
160
181
180
177
190
171
175
166
184
176
170
170
179
196
173
178
182
187
187
177
187
203
198
199
195
226
203
214
241
284
313
455
669
796
797
796
796
796
539
291
225
163
133
132
132
123
125
124
125
125
125
131
126
121
132
128
128
124
134
131
129
127
132
131
138
146
144
154
180
186
165
168
146
134
130
123
123
127
124
126
122
122
125
125
125
125
125
125
124
125
125
125
125
125
125
124
125
125
125
126
126
124
127
132
132
140
138
151
144
154
164
177
221
213
267
552
724
358
282
233
204
207
207
222
224
219
243
261
302
319
397
800
800
800
774
666
513
211
193
161
203
167
164
157
191
185
179
222
320
688
338
337
394
227
170
154
154
141
151
155
154
147
172
173
150
151
147
153
152
155
151
146
157
163
154
183
166
173
165
158
159
151
171
170
172
184
193
185
189
168
177
167
181
186
174
180
169
174
174
181
188
176
195
198
185
197
207
229
203
202
200
195
184
202
185
189
175
202
224
217
207
185
209
384
522
502
662
590
696
761
755
439
294
257
255
244
220
228
217
198
185
168
167
170
162
157
172
163
161
168
170
159
178
169
162
153
178
175
163
170
162
171
179
166
160
166
179
176
183
180
181
173
176
178
168
172
187
184
196
188
183
189
203
219
235
258
299
382
530
800
800
800
799
671
452
298
218
171
159
146
136
135
129
132
131
131
131
130
128
129
135
132
134
138
128
132
129
131
129
132
136
135
135
152
165
182
175
172
154
153
142
136
131
128
126
126
126
126
58
58
58
58
57
58
58
58
57
58
58
58
57
58
58
58
57
58
58
58
57
58
58
58
57
58
58
58
79
83
108
125
200
732
733
336
240
414
733
733
733
732
733
733
710
667
733
733
733
698
725
733
733
235
300
593
733
454
509
440
498
476
240
336
417
562
732
733
733
733
579
305
171
202
220
158
116
158
215
218
243
202
217
202
242
281
279
277
272
260
308
283
320
344
336
285
235
223
189
221
185
192
163
115
76
135
85
86
105
144
134
105
104
98
89
96
123
106
92
104
133
186
196
172
162
183
127
117
108
119
156
100
102
139
106
119
166
175
288
603
680
733
733
733
732
649
481
489
305
309
283
317
403
511
294
222
294
238
270
310
376
382
306
219
248
314
438
354
250
284
352
261
338
409
332
379
334
327
297
211
161
140
77
58
58
57
58
58
58
57
58
58
58
58
57
58
58
58
57
58
58
58
57
58
58
58
57
58
58
58
57
58
58
58
57
58
58
58
57
58
58
58
57
58
58
58
58
57
58
58
58
57
58
58
58
57
58
58
58
57
58
58
58
57
58
58
58
57
58
58
58
57
58
58
58
57
77
76
76
77
76
76
76
77
76
76
77
76
76
76
77
76
76
76
77
76
79
88
133
293
537
479
410
237
180
125
156
161
185
187
751
751
752
702
751
752
672
751
751
752
751
751
752
406
290
241
247
267
230
232
209
186
192
143
109
157
174
186
184
191
194
212
195
159
216
210
226
213
214
144
124
136
122
169
179
185
147
191
173
167
122
137
139
179
244
392
644
751
499
326
315
329
422
299
280
270
294
409
739
751
578
720
751
751
752
751
751
752
751
751
751
752
751
713
408
271
212
202
200
210
239
278
246
286
348
412
487
412
427
428
301
242
215
199
212
224
211
191
182
184
190
172
194
208
194
240
316
322
259
215
212
215
204
207
243
161
111
88
78
76
76
77
76
76
76
77
76
76
76
77
76
76
77
76
76
76
77
76
76
77
76
76
76
77
76
76
76
77
76
76
77
76
76
76
77
76
76
77
76
76
76
77
76
76
76
77
76
76
77
76
76
76
77
76
76
77
76
76
76
77
76
76
76
77
76
76
77
76
76
76
77
76
76
77
76
76
76
77
76
76
76
77
76
76
77
76
76
76
77
76
76
76
87
87
87
87
86
87
87
87
86
87
87
87
86
87
87
87
86
87
87
87
87
89
91
91
89
96
109
120
127
148
193
283
439
762
762
410
277
196
147
132
145
128
266
538
761
762
762
762
371
256
255
304
395
290
181
200
152
177
160
155
154
139
178
155
166
139
143
102
120
139
157
142
139
114
113
113
111
100
109
116
104
115
116
114
137
140
131
150
141
149
145
146
165
207
218
217
208
235
259
248
269
275
324
412
406
359
507
484
475
420
405
423
436
439
377
401
299
288
288
305
320
377
359
396
630
702
762
762
704
762
673
583
480
479
433
431
376
343
321
318
268
257
237
270
267
241
287
245
271
259
228
233
206
220
214
216
210
200
203
208
208
188
142
139
126
134
131
124
129
125
120
134
121
144
148
147
134
137
128
127
130
128
124
138
148
134
126
138
132
136
145
145
132
160
134
145
149
163
155
182
174
170
173
198
245
351
572
761
762
762
762
728
408
231
149
102
95
89
88
86
87
87
87
86
87
87
87
86
87
87
87
86
87
87
87
86
87
87
87
86
87
87
87
86
87
87
87
86
87
87
87
86
87
87
87
86
108
107
107
108
107
107
107
108
107
107
108
107
107
107
108
107
107
108
107
107
108
110
108
108
111
115
111
120
139
154
189
217
323
782
660
428
427
528
766
783
301
226
141
135
127
126
125
141
155
145
141
127
156
128
133
116
122
119
120
126
124
124
125
127
122
116
122
123
122
117
121
122
114
118
123
125
138
137
131
115
119
121
121
169
167
151
130
136
154
172
132
138
130
142
137
137
141
150
145
143
149
169
162
157
168
163
166
184
168
155
154
182
178
189
192
185
186
214
181
196
202
211
204
315
479
671
782
635
417
329
245
214
190
197
223
251
558
606
671
782
782
782
783
782
782
783
676
716
782
783
659
570
520
529
766
594
303
183
168
157
151
142
147
159
141
138
144
147
137
133
138
142
148
139
144
139
145
167
137
147
141
154
152
142
143
151
150
149
149
149
153
159
157
155
148
169
172
167
175
173
192
182
212
221
269
348
529
782
782
783
782
741
466
288
167
132
118
110
109
108
108
107
107
107
108
107
107
108
107
107
107
108
107
107
108
107
107
107
108
107
107
108
107
107
107
108
107
107
108
107
107
107
108
107
107
107
78
78
78
78
78
78
78
78
78
78
78
78
78
78
78
78
78
78
78
78
78
78
78
78
78
78
78
78
104
145
217
707
753
753
753
753
753
710
753
661
256
188
227
293
327
420
400
264
266
274
259
286
193
189
163
173
172
156
143
121
117
131
111
121
111
96
95
85
84
80
100
126
167
138
173
156
150
185
181
150
113
137
131
116
106
132
115
135
114
118
97
110
91
95
82
89
86
112
145
177
187
128
121
167
146
109
166
234
248
188
159
154
173
231
194
242
266
273
342
424
377
368
441
314
332
358
451
527
497
404
417
616
753
753
753
753
753
753
753
753
753
753
739
753
740
753
753
753
753
701
444
455
428
493
604
490
469
515
328
342
387
427
460
464
604
753
753
372
197
175
106
86
88
99
111
86
95
85
78
78
78
78
78
78
78
78
78
78
78
78
78
77
78
78
78
78
78
78
78
78
78
78
78
78
78
78
78
78
78
78
78
78
78
78
78
78
78
78
78
78
78
78
78
77
78
78
78
78
78
78
78
78
78
78
78
78
78
78
78
78
78
78
78
78
78
78
78
78
78
78
78
78
78
78
78
77
126
125
125
125
126
125
125
125
126
125
125
125
130
207
277
194
140
128
126
127
129
132
138
143
162
293
267
255
206
173
188
218
200
236
263
505
620
618
801
547
709
800
728
606
321
287
226
243
214
236
219
357
280
213
260
232
218
237
225
223
246
231
267
212
216
255
217
265
264
246
276
260
350
526
800
800
801
800
726
369
366
278
365
309
311
263
256
227
260
252
422
445
485
521
503
654
783
788
801
776
800
800
643
371
357
286
238
164
153
150
142
147
159
159
156
224
298
437
281
260
228
208
209
228
187
183
177
148
153
158
167
163
160
180
201
212
205
186
152
138
141
147
139
130
135
130
133
136
138
138
140
134
134
131
130
133
141
139
130
135
137
150
131
127
125
125
126
125
125
125
126
125
125
125
126
125
125
125
125
126
125
125
125
126
125
125
125
126
125
125
125
125
126
125
125
125
126
125
125
125
126
125
125
125
126
125
125
125
125
126
125
125
125
126
125
125
125
126
125
125
125
126
125
125
125
125
126
125
125
125
126
125
125
125
126
125
125
125
126
125
125
125
125
126
125
125
125
126
125
125
125
126
125
125
125
125
167
166
166
166
166
166
166
166
166
166
166
166
166
208
401
195
180
166
166
166
166
166
166
166
166
167
166
166
166
166
167
168
176
177
177
178
173
175
174
174
183
185
188
209
210
199
190
209
251
328
239
444
259
245
246
226
222
235
234
253
255
259
278
268
260
266
264
282
313
288
317
336
374
579
841
841
842
841
828
440
235
201
208
174
176
182
174
177
174
178
174
185
180
175
179
179
180
182
181
177
181
184
195
200
256
315
404
322
368
233
226
201
185
190
184
185
190
184
185
186
185
188
183
181
205
219
201
207
195
190
191
194
198
216
243
261
251
217
219
211
210
213
203
221
209
207
222
232
232
206
217
204
206
203
214
225
226
204
236
227
245
288
283
224
211
189
190
179
175
177
183
175
175
174
176
179
175
183
181
175
177
182
186
178
184
186
185
179
178
178
179
183
183
187
183
180
180
195
193
198
192
186
197
194
212
234
314
495
841
841
815
360
340
249
197
180
176
167
170
167
166
166
166
166
166
166
166
166
166
166
167
166
166
166
166
166
166
166
166
166
166
166
166
166
166
166
166
166
166
166
166
166
166
166
166
166
181
180
181
180
180
181
180
180
181
180
180
181
180
218
417
226
180
181
180
180
181
180
180
181
180
180
181
180
180
181
180
180
181
180
180
181
180
180
181
180
180
182
180
183
193
203
220
274
225
324
274
444
315
257
244
260
241
233
234
244
249
284
272
271
272
289
299
317
319
323
322
348
445
597
855
855
856
855
855
394
266
225
216
190
193
191
197
187
188
191
185
188
184
191
188
184
193
192
189
189
193
184
187
187
188
188
182
190
187
183
182
192
184
187
188
187
184
185
188
183
186
185
182
187
186
188
188
187
186
191
184
186
186
191
187
190
186
189
188
187
190
186
187
190
189
183
188
190
187
185
185
188
190
188
191
191
184
189
191
184
185
189
183
187
204
193
198
189
187
186
193
184
185
186
191
193
185
187
190
185
194
191
189
190
190
192
192
193
191
190
194
198
188
190
192
192
193
203
193
208
199
199
196
220
212
242
278
402
856
855
820
384
313
255
227
205
185
184
180
180
181
180
180
181
180
180
181
180
180
181
180
180
181
180
180
181
180
180
181
180
180
181
180
180
181
180
180
181
180
180
181
180
180
181
180
180
164
163
163
163
163
163
163
163
163
164
163
163
164
216
339
222
168
189
163
164
163
163
166
167
165
179
188
195
211
205
212
240
363
461
418
296
208
188
174
178
172
171
186
185
181
195
216
258
246
317
292
348
257
224
227
218
236
224
229
229
225
230
246
240
241
241
257
252
252
258
266
279
364
567
838
838
838
838
654
355
225
270
231
182
177
174
192
240
280
287
237
229
230
243
219
226
231
229
246
223
206
220
207
194
195
236
215
285
318
347
297
230
221
262
275
229
224
263
253
251
251
287
318
234
208
209
242
247
282
252
267
258
233
254
296
266
275
259
214
229
220
217
222
214
237
242
249
233
237
231
240
254
262
270
332
376
297
234
229
317
305
269
228
215
230
267
271
304
248
209
200
189
184
202
196
191
196
192
174
174
168
172
173
172
173
166
164
169
166
163
163
163
163
163
163
163
164
163
163
163
163
163
163
163
163
163
164
163
163
163
163
163
163
163
163
163
164
163
163
163
163
163
163
163
163
163
164
163
163
163
163
163
163
163
163
163
164
163
163
163
163
163
163
163
163
163
164
163
163
163
163
163
163
163
163
163
