  148
  147
  147
  148
  147
  147
  147
  148
  148
  148
  151
  150
  148
  153
  155
  153
  156
  167
  158
  168
  175
  184
  181
  200
  205
  209
  237
  240
  261
  280
  333
  327
  357
  397
  459
  547
  621
  797
  822
  823
  822
  822
  823
  822
  822
  822
  823
  822
  822
  823
  822
  822
  822
  823
  822
  822
  823
  650
  556
  455
  373
  291
  290
  250
  229
  217
  200
  196
  192
  183
  176
  171
  182
  171
  177
  168
  164
  172
  166
  160
  161
  167
  161
  157
  160
  161
  163
  162
  158
  162
  158
  166
  155
  158
  156
  163
  170
  158
  164
  159
  157
  158
  157
  156
  159
  162
  155
  161
  162
  160
  161
  157
  157
  161
  156
  161
  160
  158
  160
  155
  161
  160
  162
  157
  159
  155
  158
  156
  157
  158
  153
  157
  154
  153
  153
  159
  155
  156
  158
  156
  151
  157
  154
  154
  159
  152
  152
  152
  152
  159
  156
  154
  157
  152
  157
  151
  158
  154
  150
  154
  153
  156
  155
  153
  153
  152
  154
  156
  154
  153
  159
  153
  155
  156
  156
  158
  153
  155
  153
  150
  160
  149
  154
  155
  155
  159
  151
  152
  152
  153
  153
  154
  151
  153
  155
  156
  157
  153
  150
  152
  153
  155
  154
  153
  153
  154
  151
  155
  148
  151
  153
  152
  151
  150
  148
  151
  153
  150
  148
  152
  150
  151
  147
  150
  149
  147
  148
  149
  147
  148
  149
  151
  147
  149
  151
  148
  147
  148
  149
  148
  149
  148
  148
  147
  147
  148
  147
  148
  148
  147
  147
  147
  148
  147
  147
  147
  105
  110
  110
  108
  110
  120
  112
  116
  114
  109
  117
  111
  125
  128
  133
  122
  138
  144
  162
  141
  162
  163
  202
  187
  204
  242
  245
  256
  303
  304
  327
  369
  428
  531
  654
  737
  774
  774
  774
  774
  774
  774
  774
  774
  774
  774
  775
  774
  774
  774
  774
  774
  774
  688
  551
  471
  367
  310
  273
  239
  234
  220
  219
  201
  195
  200
  190
  168
  189
  195
  187
  178
  190
  192
  192
  192
  201
  210
  202
  212
  216
  251
  277
  315
  365
  367
  412
  351
  367
  340
  325
  309
  276
  308
  260
  278
  232
  241
  239
  219
  212
  186
  206
  203
  209
  168
  166
  173
  163
  172
  156
  155
  158
  154
  152
  159
  145
  151
  140
  139
  136
  140
  130
  139
  130
  134
  132
  133
  134
  132
  136
  125
  132
  125
  130
  133
  134
  132
  126
  134
  130
  128
  137
  137
  131
  144
  160
  149
  173
  192
  181
  190
  195
  224
  214
  211
  232
  249
  271
  289
  301
  321
  355
  366
  318
  330
  286
  286
  285
  269
  264
  265
  250
  258
  231
  227
  225
  185
  194
  192
  196
  194
  178
  179
  158
  169
  169
  156
  156
  133
  147
  142
  132
  135
  151
  123
  129
  133
  115
  121
  127
  115
  111
  110
  107
  109
  103
  104
  101
  102
  101
  103
  101
  103
  105
  102
   99
  101
  100
   99
  103
  100
  101
  104
  101
  101
   99
  101
  100
  100
   99
  100
  102
   99
  100
  101
   99
  102
  102
   99
   99
   99
   99
   99
   99
  100
  100
   99
   99
   99
   99
   99
  100
   99
   99
   99
  268
  303
  296
  258
  219
  225
  225
  193
  175
  191
  191
  171
  175
  186
  177
  195
  198
  178
  193
  199
  217
  235
  256
  255
  273
  304
  329
  360
  462
  494
  545
  685
  723
  722
  723
  722
  723
  722
  722
  723
  722
  723
  722
  723
  722
  723
  722
  723
  705
  659
  514
  476
  442
  390
  353
  354
  327
  302
  286
  286
  309
  290
  286
  273
  281
  256
  270
  295
  224
  262
  230
  246
  244
  226
  252
  214
  244
  222
  219
  236
  222
  238
  243
  209
  200
  219
  215
  203
  188
  218
  209
  200
  190
  198
  180
  176
  174
  156
  193
  199
  163
  169
  158
  157
  160
  145
  158
  145
  152
  144
  157
  141
  157
  141
  164
  146
  177
  138
  147
  139
  126
  137
  139
  144
  141
  156
  138
  150
  145
  132
  156
  142
  145
  162
  174
  178
  157
  195
  165
  170
  167
  158
  189
  217
  213
  194
  203
  192
  215
  230
  243
  252
  293
  337
  316
  332
  345
  395
  396
  485
  425
  442
  417
  418
  371
  402
  439
  456
  449
  414
  401
  325
  325
  312
  273
  265
  274
  276
  253
  242
  203
  161
  149
  133
  118
  109
  107
   88
   83
   68
   64
   60
   59
   58
   61
   57
   55
   54
   52
   54
   53
   56
   53
   51
   51
   51
   51
   50
   50
   47
   49
   51
   51
   55
   53
   48
   51
   51
   49
   50
   50
   49
   47
   49
   50
   50
   51
   49
   47
   48
   47
   49
   48
   47
   49
   47
   48
   48
   51
   47
   49
   47
   48
   47
   47
   48
   47
   48
   47
   48
   47
   48
   47
   48
   47
   47
  159
  168
  147
  129
  109
  127
  113
  123
  121
  115
  133
  139
  162
  179
  185
  181
  205
  201
  237
  236
  250
  223
  271
  274
  293
  341
  401
  413
  563
  663
  757
  758
  758
  757
  758
  758
  758
  757
  758
  758
  757
  758
  758
  757
  758
  758
  744
  626
  497
  384
  309
  294
  245
  221
  189
  206
  190
  199
  197
  191
  200
  278
  297
  355
  399
  514
  568
  638
  665
  578
  663
  698
  680
  712
  654
  672
  707
  655
  617
  545
  580
  549
  559
  536
  577
  628
  660
  544
  530
  507
  402
  354
  320
  292
  280
  276
  297
  245
  217
  212
  192
  181
  185
  153
  137
  156
  136
  162
  140
  148
  129
  129
  120
  107
  116
  110
  106
  112
  114
  104
   97
   94
  101
  101
   97
   96
   92
   90
   90
   88
   89
   85
   89
   90
   84
   89
   89
   91
   87
   88
   89
   84
   87
   84
   90
   87
   92
   91
   85
   88
   89
   89
   89
   92
   85
   90
   84
   85
   84
   89
   86
   85
   88
   86
   86
   91
   85
   91
   85
   88
   86
   84
   85
   89
   89
   84
   88
   86
   86
   84
   85
   85
   86
   83
   87
   86
   88
   88
   90
   88
   87
   87
   84
   87
   85
   85
   86
   86
   85
   84
   84
   84
   85
   84
   88
   86
   83
   84
   84
   88
   84
   86
   86
   86
   86
   84
   87
   83
   83
   87
   83
   83
   83
   84
   87
   82
   83
   85
   83
   82
   83
   86
   82
   84
   83
   82
   83
   83
   84
   83
   83
   83
   82
   83
   83
   82
   83
   83
   83
   82
   83
   83
   82
   83
   83
   82
  141
  141
  140
  141
  140
  143
  142
  142
  145
  144
  146
  143
  147
  153
  161
  169
  155
  175
  177
  179
  192
  191
  202
  228
  218
  247
  250
  284
  303
  331
  382
  451
  561
  676
  816
  815
  816
  816
  815
  816
  815
  816
  816
  815
  816
  815
  816
  815
  816
  816
  815
  816
  815
  816
  816
  815
  690
  526
  426
  342
  290
  287
  252
  221
  222
  191
  186
  187
  189
  181
  185
  187
  175
  184
  163
  173
  181
  166
  168
  172
  164
  162
  159
  165
  161
  168
  161
  169
  166
  171
  166
  170
  169
  162
  158
  156
  165
  159
  162
  166
  168
  155
  152
  167
  160
  155
  160
  160
  156
  160
  153
  166
  152
  152
  153
  151
  155
  153
  156
  153
  156
  155
  152
  148
  153
  153
  151
  156
  146
  145
  151
  148
  150
  143
  153
  150
  148
  149
  148
  150
  152
  151
  148
  149
  156
  147
  151
  149
  147
  147
  151
  146
  147
  148
  147
  151
  146
  145
  148
  150
  150
  148
  150
  144
  149
  145
  144
  149
  150
  147
  148
  146
  145
  152
  148
  148
  149
  149
  142
  146
  150
  143
  148
  148
  145
  150
  148
  149
  145
  144
  145
  149
  143
  143
  145
  144
  148
  143
  146
  144
  142
  145
  147
  145
  144
  142
  141
  146
  143
  142
  141
  141
  140
  142
  142
  140
  141
  140
  141
  142
  140
  141
  140
  141
  140
  141
  141
  140
  141
  140
  141
  141
  140
  141
  140
  141
  140
  141
  141
  140
  141
  140
  141
  141
  140
  141
  140
  141
  140
  141
  141
  140
  141
  140
  141
  140
  216
  362
  571
  496
  326
  270
  243
  226
  252
  250
  246
  231
  196
  177
  171
  164
  147
  165
  159
  183
  171
  179
  161
  178
  185
  173
  193
  184
  182
  195
  176
  205
  201
  214
  276
  240
  281
  317
  364
  377
  437
  564
  625
  651
  687
  687
  687
  686
  687
  687
  687
  686
  687
  687
  687
  686
  687
  656
  554
  471
  466
  420
  452
  447
  377
  325
  345
  357
  393
  509
  555
  586
  585
  494
  440
  431
  427
  452
  469
  453
  484
  417
  377
  336
  289
  228
  204
  187
  150
  147
  106
  107
  117
   99
   89
   98
   88
   86
   90
   78
  105
  107
  103
  103
  118
  109
  130
  130
  128
  133
  146
  142
  186
  186
  172
  163
  183
  212
  204
  218
  207
  215
  184
  206
  194
  258
  287
  290
  297
  305
  261
  271
  255
  348
  241
  200
  204
  217
  170
  164
  164
  167
  179
  215
  183
  189
  167
  171
  156
  133
  121
  137
  141
  125
  136
  141
  145
  149
  163
  143
  127
  101
  112
  100
   91
   84
  121
  110
  101
   85
   99
  118
  122
  123
  107
  117
  145
  152
  137
  144
  144
  168
  172
  171
  168
  159
  146
  148
  136
  156
  166
  154
  150
  164
  160
  150
  133
  147
  121
  136
  121
  129
  132
  127
  149
  146
  174
  146
  168
  185
  199
  208
  194
  218
  242
  264
  249
  218
  259
  268
  235
  203
  169
  170
  161
  133
  118
  112
   87
   82
   72
   55
   71
   50
   55
   38
   45
   39
   33
   31
   32
   38
   27
   30
   25
   39
   35
   32
   33
   32
   26
   30
   23
   24
   32
   16
   14
   24
   21
   22
   26
   34
   30
   45
   52
   68
   98
   90
   79
   95
   92
  129
  160
  175
  212
  180
  189
  190
  156
  174
  190
  180
  183
  180
  150
  150
  101
  123
  142
  117
  120
  110
  123
  132
  132
  101
  100
   93
   98
  102
  127
  125
  112
   88
   76
   91
   88
   75
   96
  102
   85
   85
   73
   94
   85
   79
   91
   99
  100
  110
  112
  109
  124
   97
  130
  129
  128
  149
  147
  148
  149
  149
  160
  163
  172
  164
  169
  171
  186
  175
  189
  221
  228
  235
  230
  198
  229
  228
  223
  232
  253
  273
  266
  251
  281
  257
  295
  277
  293
  336
  332
  335
  322
  294
  351
  364
  426
  380
  414
  416
  393
  423
  428
  431
  466
  446
  459
  469
  416
  438
  445
  444
  487
  550
  547
  548
  518
  500
  589
  596
  596
  656
  685
  685
  685
  685
  685
  685
  684
  685
  685
  639
  626
  512
  493
  472
  403
  441
  475
  482
  550
  576
  526
  593
  524
  484
  439
  409
  404
  379
  402
  371
  376
  429
  461
  417
  409
  428
  385
  446
  452
  418
  424
  341
  343
  312
  274
  295
  291
  250
  234
  222
  235
  185
  182
  185
  180
  193
  153
  126
  131
  142
  144
  163
  211
  198
  199
  149
  102
   97
  110
  108
   97
   79
   78
   81
   72
   64
   72
   63
   62
   57
   60
   47
   48
   42
   44
   35
   29
   28
   33
   20
   18
   23
   23
   19
   22
   21
   15
   14
   17
   13
   15
   15
   16
   13
   12
   15
   13
   13
   12
   16
   13
   16
   12
   13
   14
   14
   12
   13
   14
   11
  546
  702
  703
  702
  374
  280
  252
  256
  329
  319
  295
  291
  296
  223
  280
  245
  312
  317
  379
  353
  367
  372
  330
  285
  308
  335
  360
  356
  409
  410
  527
  702
  702
  703
  702
  549
  550
  494
  545
  567
  584
  552
  588
  548
  545
  557
  551
  575
  587
  632
  620
  702
  703
  702
  702
  703
  702
  703
  702
  702
  703
  702
  702
  703
  702
  672
  548
  543
  484
  527
  411
  438
  482
  489
  360
  273
  193
  164
  125
  140
  190
  195
  178
  132
   90
   60
   60
   54
   54
   40
   43
   40
   37
   34
   33
   29
   34
   34
   31
   28
   31
   29
   29
   30
   34
   32
   30
   33
   29
   30
   32
   30
   33
   31
   28
   30
   31
   32
   31
   33
   31
   28
   33
   31
   31
   33
   33
   31
   29
   32
   32
   30
   29
   31
   33
   34
   30
   36
   31
   31
   33
   35
   34
   32
   35
   35
   31
   31
   38
   40
   32
   34
   37
   35
   41
   34
   38
   37
   40
   43
   46
   45
   49
   55
   53
   63
   71
   62
   61
   66
   75
   64
   62
   92
   90
   89
   90
   89
   98
  100
  112
  116
  169
  133
  142
  128
  137
  138
  209
  376
  199
  185
  169
  142
  161
  152
  153
  208
  267
  326
  237
  174
  145
  117
  163
  160
  190
  182
  248
  267
  309
  365
  456
  375
  389
  467
  630
  562
  467
  504
  518
  407
  370
  299
  249
  175
  116
  101
  105
   91
   74
   67
   63
   68
   62
   52
   57
   49
   64
   47
   44
   52
   42
   47
   47
   44
   60
   48
   48
   48
   43
   39
   40
   43
   36
   30
   89
   90
   90
   91
   89
   88
   93
   93
   97
  110
   96
  103
  106
  116
  121
  137
  134
  136
  166
  182
  202
  235
  280
  337
  417
  589
  738
  764
  764
  764
  763
  764
  764
  764
  764
  763
  764
  764
  764
  764
  763
  764
  764
  764
  658
  492
  457
  347
  277
  225
  219
  185
  168
  146
  147
  131
  132
  119
  126
  119
  125
  122
  111
  114
  116
  107
  116
  118
  109
  102
  107
  109
  105
  115
  107
  102
  107
  112
  112
  103
  102
  108
   99
  108
  105
  102
  103
  101
  104
  106
  100
  102
  105
  100
  112
  104
  108
  106
  105
   96
  125
  113
  114
  109
  116
  112
  116
  110
  120
  117
  115
  117
  121
  117
  122
  129
  125
  132
  124
  131
  135
  136
  143
  149
  148
  157
  168
  169
  152
  180
  192
  172
  154
  153
  161
  155
  152
  152
  187
  203
  200
  172
  174
  180
  157
  192
  193
  178
  183
  186
  170
  184
  184
  168
  184
  180
  178
  186
  197
  174
  182
  192
  178
  185
  181
  207
  184
  200
  206
  225
  189
  218
  254
  253
  314
  289
  286
  259
  243
  234
  243
  280
  278
  316
  319
  303
  302
  308
  297
  293
  327
  357
  342
  326
  294
  326
  328
  380
  373
  367
  382
  386
  341
  324
  361
  344
  318
  273
  274
  308
  335
  445
  417
  329
  327
  278
  302
  298
  282
  267
  252
  231
  241
  215
  182
  173
  143
  156
  149
  138
  136
  123
  132
  122
  132
  125
  130
  121
  123
  114
  103
  111
  112
  101
   97
   94
  100
   94
   96
   96
   94
   92
   91
   94
   89
   93
   47
   46
   46
   47
   46
   46
   47
   46
   46
   46
   47
   47
   46
   47
   46
   46
   46
   47
   47
   48
   47
   46
   50
   46
   48
   48
   49
   55
   49
   50
   50
   52
   59
   58
   59
   71
   61
   65
   80
   84
   71
   83
   82
   69
   76
   74
   76
   69
   79
   72
   69
   65
   67
   72
   75
   70
   68
   69
   63
   71
   76
   71
   70
   75
   86
   80
   75
   78
   71
   80
   87
   92
  102
  127
  122
  105
  112
   97
   96
   99
  108
  117
  137
  131
  126
  128
  118
  123
  116
  115
  125
  134
  116
  120
  126
  105
  108
   91
  100
  103
  100
  118
   94
  102
   81
   87
   90
   84
   83
   97
   90
   84
   81
   83
   93
  100
  109
  104
  110
  103
   84
   87
   92
  100
  109
  101
   96
   89
   99
  114
  132
  203
  176
  176
  220
  255
  308
  417
  331
  334
  294
  369
  413
  514
  637
  722
  721
  721
  649
  541
  511
  518
  557
  686
  659
  621
  603
  602
  698
  722
  721
  721
  722
  721
  721
  721
  722
  721
  721
  722
  721
  721
  722
  721
  721
  721
  722
  721
  721
  722
  709
  625
  586
  584
  548
  510
  541
  524
  561
  527
  541
  616
  686
  598
  442
  460
  512
  565
  497
  439
  390
  359
  349
  338
  331
  336
  290
  281
  241
  291
  279
  282
  267
  248
  241
  186
  158
  138
  113
  104
  104
   83
   76
   77
   74
   64
   58
   67
   60
   61
   63
   58
   57
   54
   48
   56
   54
   51
   57
   50
   52
   53
   50
   52
   52
   52
   51
   47
   50
   51
   47
   48
   47
   46
   46
   46
   67
   63
   66
   69
   71
   83
   92
   91
   87
  101
   90
  107
  113
  109
  104
   95
   80
   86
   86
   76
   75
   73
   74
   75
   63
   71
   67
   77
   72
   65
   79
   65
   64
   74
   81
   79
   63
   68
   73
   79
   75
   83
   75
   66
   73
   82
   72
   82
   90
   83
   89
   85
   87
   93
   79
  100
   94
   92
   98
   90
   87
   93
   92
   92
   99
   87
   89
   89
   86
   93
   83
   88
   91
   94
   93
   97
   80
   89
   92
   83
  100
   94
  103
   99
   87
   91
   95
   97
  100
  107
  108
  108
  112
  118
  105
  112
  111
   99
  106
  106
  112
  123
  112
  106
  112
  111
  127
  121
  127
  121
  109
  122
  142
  149
  137
  163
  172
  192
  224
  233
  272
  215
  197
  198
  214
  255
  285
  395
  372
  315
  346
  335
  386
  408
  426
  477
  522
  466
  503
  572
  645
  685
  724
  723
  724
  723
  724
  723
  723
  724
  723
  724
  723
  724
  723
  724
  723
  723
  724
  723
  724
  723
  724
  723
  724
  723
  724
  723
  717
  671
  573
  560
  567
  596
  528
  520
  506
  503
  508
  481
  460
  444
  452
  394
  350
  280
  286
  269
  245
  200
  213
  221
  225
  218
  188
  186
  233
  224
  211
  266
  224
  244
  222
  197
  185
  197
  183
  176
  164
  156
  156
  165
  138
  142
  152
  151
  134
  153
  140
  113
  126
  121
  110
  126
  114
  116
  100
  101
   96
   98
   92
   89
   92
   89
  100
   76
   88
   81
   80
   72
   84
   71
   68
   78
   71
   61
   70
   74
   84
   66
   75
   68
   65
   67
   60
   54
   16
   19
   16
   18
   19
   18
   17
   20
   21
   34
   33
   43
   54
   52
   61
   84
  107
  119
  216
  255
  241
  214
  190
  189
  215
  190
  177
  169
  192
  165
  143
  159
  207
  244
  275
  298
  215
  151
  133
   94
   78
   62
   62
   76
   53
   72
   76
   92
  116
   96
  108
   87
   56
   43
   36
   39
   32
   29
   41
   27
   35
   22
   25
   25
   27
   25
   27
   23
   25
   23
   23
   25
   25
   26
   27
   24
   26
   30
   25
   29
   30
   22
   32
   25
   31
   29
   33
   33
   32
   32
   37
   28
   33
   41
   36
   41
   41
   41
   43
   43
   45
   47
   44
   57
   46
   47
   53
   44
   40
   62
   49
   48
   56
   55
   61
   66
   74
   75
   79
   86
   86
   80
  113
  110
  142
  147
  167
  145
  186
  154
  159
  181
  166
  162
  153
  167
  170
  213
  199
  197
  222
  219
  214
  217
  218
  260
  304
  354
  309
  286
  321
  308
  302
  383
  426
  422
  349
  393
  420
  452
  438
  411
  416
  397
  431
  514
  533
  505
  537
  505
  544
  560
  601
  667
  603
  569
  601
  557
  500
  547
  630
  689
  690
  690
  689
  690
  689
  690
  689
  690
  689
  690
  690
  689
  690
  689
  690
  689
  690
  689
  690
  690
  686
  657
  592
  520
  483
  475
  418
  436
  430
  395
  535
  535
  551
  586
  587
  613
  600
  690
  689
  525
  408
  294
  255
  210
  155
  174
  157
  149
  125
  108
  103
   80
   77
   70
   46
   45
   48
   42
   40
   39
   32
   21
   22
   19
   19
   17
   16
   16
   16
   15
   15
   14
   15
   14
  681
  648
  681
  579
  373
  297
  272
  410
  510
  539
  657
  651
  680
  681
  681
  681
  680
  681
  681
  665
  509
  361
  310
  315
  317
  330
  339
  305
  314
  281
  261
  256
  334
  347
  231
  274
  176
  167
  185
  229
  249
  250
  188
  229
  176
  182
  125
  145
  133
  138
  140
  148
  159
  138
  125
  126
  120
  135
  129
  138
  187
  163
  161
  152
  182
  193
  214
  212
  187
  218
  222
  245
  235
  251
  248
  247
  219
  216
  228
  198
  217
  203
  208
  201
  164
  178
  188
  190
  178
  162
  220
  180
  189
  218
  239
  249
  250
  238
  249
  269
  269
  256
  281
  283
  275
  292
  315
  301
  359
  311
  316
  313
  302
  303
  287
  291
  326
  324
  294
  341
  297
  308
  320
  332
  278
  233
  298
  265
  271
  275
  269
  261
  270
  316
  268
  334
  333
  319
  338
  334
  390
  418
  433
  491
  424
  406
  424
  408
  331
  328
  298
  288
  222
  228
  210
  198
  206
  232
  219
  204
  205
  209
  258
  259
  308
  384
  298
  205
  173
  176
  132
  123
  124
  117
  127
  153
  176
  152
  144
  160
  173
  182
  214
  178
  189
  193
  164
  139
  163
  145
  139
  155
  138
  141
  163
  192
  190
  215
  184
  174
  122
  135
  135
  150
  136
  144
  154
  121
  104
   93
  123
   95
   79
   75
   74
  106
  116
  114
  126
  129
   73
   40
   33
   31
   27
   20
   22
   24
   19
   14
   13
   13
   13
   12
   12
   17
   13
    8
    8
    8
    7
   10
    8
    5
    8
    7
    6
    7
    6
    7
    8
    5
    6
    7
    7
    5
  696
  696
  696
  695
  696
  594
  597
  593
  649
  478
  593
  693
  510
  465
  497
  546
  607
  607
  582
  511
  324
  259
  220
  198
  211
  218
  179
  191
  165
  205
  189
  191
  194
  172
  181
  162
  177
  196
  220
  193
  235
  227
  236
  238
  235
  210
  179
  188
  208
  183
  151
  146
  132
  108
  100
   91
   81
   83
   74
   89
   91
   95
   82
   87
  102
  111
  110
  120
  115
  101
  108
   97
  108
  100
   87
   76
   94
   78
   76
   89
   81
   82
   71
   61
   65
   74
   65
   80
   88
   64
   76
   81
   74
   74
   78
   80
   74
   81
   78
   64
   79
  107
   97
  106
  101
   96
  108
  128
  115
  115
  110
  127
  120
  130
  142
  127
  149
  155
  158
  143
  164
  154
  155
  173
  166
  151
  183
  153
  154
  130
  156
  165
  163
  141
  176
  188
  204
  207
  204
  244
  248
  220
  266
  267
  262
  335
  406
  694
  453
  378
  345
  343
  342
  639
  559
  514
  399
  359
  331
  363
  454
  434
  694
  535
  446
  406
  416
  408
  645
  696
  696
  695
  696
  587
  592
  599
  696
  696
  692
  695
  684
  457
  468
  423
  439
  505
  499
  522
  519
  474
  422
  405
  346
  245
  172
  157
  119
  119
  106
   98
  107
   97
   99
   87
   77
   85
   76
   63
   78
   70
   70
   73
   65
   63
   56
   62
   52
   49
   52
   46
   50
   39
   44
   42
   37
   29
   36
   32
   35
   35
   34
   29
   32
   29
   30
   24
   22
   22
   24
   23
   21
   21
   26
   21
   21
   21
   22
   22
   21
   23
   21
   21
   20
   21
   21
   20
    0
    0
    0
    0
    0
    0
    0
    0
    1
    0
    4
    4
    1
    3
    2
    2
    5
    1
    3
    8
    5
    4
    8
    9
   14
   23
   14
   17
   14
   22
   18
   25
   30
   23
   31
   37
   31
   43
   33
   40
   31
   47
   52
   46
   57
   41
   45
   64
   58
   79
   60
   62
   79
   67
   88
   87
   78
   90
   85
   84
   69
   84
  106
   95
  100
   98
  106
   73
  101
  105
  115
  120
  114
  133
  160
  201
  203
  220
  243
  269
  320
  264
  250
  306
  282
  264
  282
  293
  254
  234
  249
  270
  296
  261
  260
  282
  296
  311
  318
  319
  344
  374
  418
  368
  432
  401
  377
  436
  367
  490
  462
  476
  493
  500
  484
  472
  433
  457
  403
  486
  515
  495
  547
  514
  491
  495
  523
  527
  505
  506
  526
  452
  489
  505
  467
  492
  485
  498
  519
  561
  514
  541
  497
  534
  537
  582
  649
  648
  561
  539
  485
  540
  606
  597
  674
  652
  605
  593
  638
  588
  631
  581
  497
  424
  362
  357
  307
  344
  350
  367
  365
  355
  375
  362
  366
  355
  338
  346
  322
  299
  294
  317
  313
  350
  319
  346
  375
  351
  410
  334
  313
  317
  294
  273
  268
  214
  232
  225
  227
  228
  281
  285
  212
  197
  203
  201
  165
  148
  154
  130
  120
  104
  103
   93
   94
   92
   91
   94
   86
   74
   49
   63
   46
   47
   36
   28
   27
   22
   15
   17
   12
   18
   13
   12
   14
   12
    8
   10
    7
    5
    7
   10
    3
    4
    3
    1
    5
    0
    4
    3
    1
    0
    2
    0
    0
    0
   53
   67
   74
   40
   51
   51
   41
   54
   52
   60
   75
   80
   92
   95
   75
   88
   96
  109
  136
  214
  241
  237
  288
  348
  368
  424
  406
  339
  239
  196
  210
  160
  134
  161
  174
  186
  160
  119
  106
  104
  101
  109
   98
  129
  132
  118
  111
  105
   94
  115
  103
   97
  117
   88
   92
   82
   77
   71
   71
   68
   50
   44
   54
   56
   44
   54
   45
   43
   41
   47
   43
   39
   34
   37
   38
   36
   33
   31
   41
   39
   31
   26
   25
   32
   22
   34
   26
   27
   24
   27
   27
   28
   28
   36
   31
   29
   29
   32
   23
   31
   26
   26
   25
   31
   33
   32
   25
   28
   26
   34
   33
   44
   41
   46
   65
   63
   89
   95
   97
  112
  144
  203
  275
  276
  281
  236
  223
  232
  244
  241
  287
  267
  186
  239
  224
  233
  234
  238
  244
  245
  233
  228
  201
  266
  281
  299
  323
  364
  399
  572
  516
  583
  488
  417
  389
  382
  404
  499
  572
  548
  432
  444
  390
  440
  421
  557
  617
  585
  533
  474
  406
  407
  463
  516
  538
  527
  544
  507
  421
  467
  479
  502
  578
  623
  582
  612
  544
  543
  627
  693
  694
  693
  693
  693
  684
  694
  693
  693
  693
  693
  694
  693
  693
  693
  693
  694
  693
  693
  586
  518
  478
  412
  448
  477
  445
  365
  262
  203
  165
  143
  137
  120
  126
  112
  104
  104
   93
   93
   81
   74
   78
   65
   58
   51
   53
   54
   41
   37
   29
   29
   29
   26
   26
   23
   23
   22
   19
   19
   18
   18
   19
   19
   18
   18
   18
   18
