0 0
0 0
-1 -1
-6 -2
1 0
0 0
0 -1
0 -2
1 -2
-1 2
-2 3
-2 3
0 0
0 0
0 0
0 0
1 0
1 0
1 0
38 10
-2 -1
0 -1
-1 -1
-1 0
-3 -1
50 14
30 5
2 1
0 0
1 0
0 0
1 0
0 1
0 0
0 1
1 0
0 0
0 1
1 0
1 0
0 0
0 0
-10 -8
6 -2
-2 1
-1 0
-1 0
-2 0
0 -2
-1 0
-1 0
-1 0
-1 0
-1 0
-1 0
0 0
0 0
0 0
0 0
0 0
0 0
0 0
0 0
0 0
0 0
0 0
0 0
0 0
0 0
0 0
0 0
0 0
0 0
-1 0
-1 0
0 -1
-1 0
1 -1
4 -2
0 -2
0 0
0 0
0 0
-2 -1
-1 -2
0 0
0 -1
1 -4
6 -9
-1 1
-1 5
5 -6
0 3
0 0
0 0
0 0
1 0
1 0
0 0
27 2
-1 -1
0 -1
0 -1
-1 0
-3 -1
63 20
20 6
1 0
0 0
0 0
0 0
0 0
0 0
0 0
0 0
-1 2
0 0
0 0
0 0
0 0
0 0
0 0
1 1
1 -1
-18 16
-1 1
-1 1
6 2
0 -1
-3 -5
-1 0
-1 0
-1 0
-1 0
-1 0
0 0
0 0
0 0
0 0
0 0
0 0
0 0
0 0
0 0
0 0
0 0
0 0
0 0
0 0
0 0
0 0
0 0
-1 0
-1 0
-1 0
3 -2
-4 0
2 -2
-3 -3
-2 -4
0 0
0 0
-1 -1
16 8
0 -1
0 0
0 0
1 -3
2 -3
0 1
2 4
-1 3
0 0
0 0
0 0
1 0
1 0
1 0
0 0
43 9
-2 -1
0 -2
0 -1
-1 0
-3 -1
12 5
7 2
1 0
0 0
0 0
0 0
0 1
0 0
0 0
0 0
0 1
0 0
0 0
0 0
0 0
0 0
0 0
29 31
3 -3
-1 0
0 0
0 0
-1 0
0 0
0 -2
-9 -20
-1 -1
0 0
-1 -1
0 0
0 0
0 0
0 0
0 0
0 0
0 0
0 0
0 0
0 0
0 0
1 0
0 0
1 1
0 0
0 0
0 0
0 0
-1 0
-1 0
-1 0
1 -1
19 -9
3 -3
16 -9
217 -75
0 0
0 0
0 0
-2 -2
0 -1
0 0
6 18
0 2
-2 7
0 1
-16 -8
0 1
0 0
0 0
0 0
1 0
1 0
1 0
-6 0
29 2
-4 -1
0 -1
0 -1
-1 0
5 0
1 0
1 0
0 0
0 0
0 0
0 0
0 1
0 0
0 0
0 0
2 -2
0 0
0 0
0 0
0 0
0 0
-1 -3
-11 -19
-3 7
-1 0
0 0
0 0
-1 0
0 0
0 -2
-2 -3
0 -1
0 0
0 0
0 0
0 0
0 0
0 0
0 0
0 0
0 0
0 0
0 0
0 0
0 0
0 0
0 0
-2 -1
-4 -3
-1 0
-1 -1
-142 -184
-4 -7
-2 -2
-1 -1
0 -1
0 -1
0 -3
1 -6
2 -10
0 0
0 0
0 0
-1 0
-1 0
0 0
3 2
5 0
2 0
0 2
-3 0
0 7
0 -2
1 0
1 0
4 0
2 0
2 -1
-1 0
7 -1
4 0
0 -1
-7 -2
-9 -1
1 0
0 0
0 0
0 0
0 0
0 0
0 0
0 0
0 0
0 0
0 0
0 1
0 1
0 2
0 0
0 0
0 -3
0 1
0 0
0 1
0 0
0 0
-5 -8
0 0
1 0
1 -3
-3 -3
-1 0
-1 0
-2 0
0 0
0 0
0 0
0 0
0 0
0 0
0 0
0 0
0 0
0 0
0 0
0 0
0 0
0 0
-1 -1
0 0
-1 -1
-7 -14
-2 -7
-1 -2
0 -1
1 0
0 -1
1 -1
2 -3
2 -3
0 0
0 0
-1 0
-5 -2
-2 -1
2 2
3 4
2 2
0 1
-8 7
-4 0
2 1
0 -9
1 0
1 0
2 0
2 0
1 -1
-3 0
14 -1
-21 -3
0 -1
-4 -1
4 0
1 0
0 0
0 0
0 0
0 0
0 0
0 0
0 0
0 0
0 0
0 0
0 0
0 0
0 0
0 0
0 -1
0 0
0 0
0 0
0 0
0 0
5 -6
-1 0
0 0
0 0
0 0
0 -2
1 -1
-1 0
1 -1
0 0
0 0
1 0
0 0
0 0
0 0
0 0
0 0
0 0
0 0
0 0
1 1
0 0
1 1
0 0
0 0
0 -1
0 2
1 10
0 -4
0 -2
0 0
0 -1
1 0
1 -1
1 -1
0 0
0 0
0 0
0 0
0 0
0 0
0 -1
0 -1
3 1
2371 -2514
-21 30
-4 11
0 -3
1 0
1 0
2 0
2 0
1 -1
-1 0
3 -1
-7 0
0 -2
-41 10
1 -1
0 0
0 0
0 0
0 0
0 0
0 0
0 0
0 0
0 1
0 0
0 0
0 0
0 0
0 0
-1 9
0 0
0 0
0 0
0 0
0 0
0 0
1 -1
0 -1
0 -2
0 0
-3 -3
1 0
2 -2
0 0
-2 0
-9 4
1 0
13 1
1 0
1 0
1 0
1 0
0 0
0 0
0 0
0 0
0 0
0 0
0 0
0 0
0 0
0 0
0 -1
0 -1
0 -2
0 -1
1 0
1 0
1 0
2 0
2 0
0 0
0 0
0 0
0 0
0 0
-8 -6
2 1
16 4
0 0
0 0
-1 0
0 2
0 -1
0 0
0 0
0 -1
0 -2
0 -1
-1 0
1 -2
4 -2
5 -5
-2 -1
0 -1
0 -3
1 -10
0 -4
1 -1
0 -4
1 -6
0 0
0 2
0 2
0 0
0 0
0 0
1 -3
0 0
0 1
0 1
0 0
0 0
0 0
0 0
0 0
2 0
5 1
6 0
0 0
2 0
0 0
0 0
0 0
0 0
1 -1
0 0
1 0
1 0
3 0
2 0
3 2
1 0
2 1
0 2
0 1
1 1
0 0
0 1
0 0
0 0
0 0
0 -1
0 0
0 -1
0 -1
2 0
2 0
2 0
3 0
2 0
1 0
1 0
1 0
1 0
1 0
-3 0
6 0
0 0
0 0
0 0
0 1
0 1
0 0
0 0
0 -1
-27 -3
0 -1
-1 -2
-10 2
0 -2
3 -2
3 -5
-5 0
-1 -1
0 -3
1 -6
0 -4
1 -1
0 -2
1 -2
0 0
1 0
0 1
0 0
0 0
1 -1
0 0
0 0
-1 2
-1 1
0 4
-1 -1
-1 -1
0 0
0 0
1 2
2 1
0 1
0 0
0 0
0 0
1 0
0 0
0 0
1 0
0 0
0 0
0 0
1 0
1 0
2 1
0 0
2 1
-2 -2
1 0
4 3
0 0
0 1
-1 -1
0 0
0 -1
-1 -2
0 -1
0 -1
0 -1
4 1
18 9
11 6
-4 -3
5 4
0 0
1 0
0 0
0 0
0 0
-6 0
3 0
1 0
0 0
0 0
0 1
0 0
0 1
0 0
-1 -1
-2 0
-2 -3
-1 -2
-2 0
-1 -4
-7 -5
107 18
-4 0
-4 -4
0 3
0 2
-1 3
24 -20
-36 10
-2 3
21 -21
1 0
-3 5
0 0
1 0
0 1
3 -5
0 0
2 0
0 0
1 0
1 0
1 0
0 1
0 0
0 0
0 0
0 0
0 0
0 0
0 0
0 0
0 0
-3 0
0 0
0 0
0 0
0 0
0 0
0 0
0 0
0 0
1 0
-3 -3
1 0
2 0
0 0
0 0
0 0
0 0
0 0
0 0
-2 1
-11 7
-3 2
0 -1
0 -2
0 -1
0 -1
0 -1
0 0
0 0
0 0
1 0
1 0
3 1
1 0
1 0
0 -1
-3 1
7 -8
1 0
0 0
0 0
0 0
-1 0
-1 -2
0 -1
-1 0
-1 -9
-6 -9
0 4
-2 0
-2 0
0 3
0 3
-1 4
4 -2
2 2
0 1
0 1
5 -3
56 -66
0 1
1 1
-2 6
2 -1
1 0
1 3
0 1
2 4
1 0
2 -1
0 1
0 0
0 1
0 1
0 1
-1 0
0 0
1 0
0 0
-1 1
-1 1
0 0
0 0
2 0
-4 5
-1 1
-1 0
0 2
0 0
0 0
0 0
0 0
6 4
0 0
0 0
0 0
0 0
0 0
-2 1
2 -3
1 -2
1 -3
0 -2
0 -3
0 -1
0 -2
0 -2
0 0
0 0
0 0
1 0
0 0
5 6
1 0
1 1
0 0
0 0
1 -1
0 0
0 0
0 0
0 0
-1 0
-2 -1
-1 -1
-1 0
0 -1
6 -2
17 -1
-2 2
-3 0
-2 3
-2 4
-3 8
6 -1
-1 5
2 1
0 0
-23 28
0 2
0 0
1 0
2 0
1 -1
1 0
-7 -19
5 9
0 -5
1 0
1 -1
1 0
0 0
2 2
2 0
2 4
0 4
2 0
1 -1
1 0
0 0
0 0
0 -1
0 0
1 -1
0 0
0 -6
-5 -4
-2 0
-1 0
0 0
-1 0
0 0
16 10
0 0
0 0
0 0
0 0
0 0
-1 0
8 -13
2 -4
2 -5
0 -2
0 -4
0 -2
0 -2
-1 -4
0 0
0 0
0 0
0 0
0 0
4 2
0 0
0 0
-2 -3
1 0
2 -1
0 0
0 0
0 3
0 2
0 1
-2 0
-1 0
-1 0
0 0
-3 -1
1 -10
-3 0
-1 0
1 -4
1 -3
1 -1
1 0
2 0
1 0
0 0
0 1
1 1
1 0
1 0
1 0
1 0
1 0
5 0
-3 -4
0 -2
1 0
1 0
1 0
0 0
5 4
2 0
2 1
2 3
2 -1
1 -2
1 -1
1 0
0 0
1 -2
0 -1
2 -4
1 -2
-2 -3
-2 0
-1 1
0 0
0 0
-1 0
0 0
2 1
0 0
0 0
0 0
0 0
0 0
0 3
0 -17
0 -6
-1 -8
9 11
3 3
-15 -21
0 -2
5 9
0 0
0 0
0 0
0 0
0 0
2 1
0 0
0 0
0 0
0 0
0 0
0 0
0 0
2 10
0 2
-1 0
-2 -2
-1 -1
-2 0
0 0
-2 0
-2 -4
-1 0
-1 0
1 -7
1 -3
1 -2
1 -1
3 -1
1 0
0 0
0 1
0 1
0 1
1 1
0 1
1 0
0 0
1 0
1 2
142 170
0 1
0 0
0 0
0 0
1 2
3 2
0 2
0 1
4 -1
3 -6
4 -2
-11 7
0 0
1 -2
1 -1
-14 19
4 -7
-2 -15
-1 0
-1 0
0 0
0 0
0 0
0 0
7 5
0 0
0 0
-1 0
0 0
0 -1
-2 0
0 -2
0 -2
0 -3
-6 -7
32 35
-3 -4
0 -2
-5 -13
0 0
0 0
0 0
2 1
0 0
3 1
0 0
0 0
1 0
3 0
6 -7
0 0
0 0
-1 6
-2 0
-3 0
-3 -3
-1 -1
-6 0
-1 0
-6 -1
1 -9
-6 -38
-2 -1
0 -3
1 -2
1 -1
1 0
2 0
0 0
0 0
0 1
0 1
0 1
0 0
0 0
0 0
0 0
0 0
0 1
0 1
0 0
0 0
0 0
0 0
0 1
1 2
0 1
1 1
2 0
23 -9
3 0
4 2
0 -1
1 -2
1 -1
2 -2
0 -1
0 -2
6 -1
-1 -1
-2 0
-1 0
0 0
-1 0
3 0
0 0
0 0
-1 0
0 -1
0 -2
1 -3
0 -1
-1 -1
-2 -3
17 14
17 18
-1 -2
0 -1
-2 -5
0 0
0 0
0 0
0 0
0 0
0 0
0 0
0 0
0 0
0 0
0 0
0 0
0 1
0 15
-1 0
-1 0
-2 -2
-1 -1
-2 0
0 -1
0 -2
3 -5
-4 7
0 -3
0 -2
0 -1
0 0
0 0
0 0
0 0
0 0
0 0
0 0
0 0
0 0
0 0
0 0
0 0
0 0
1 1
1 2
1 1
0 0
1 1
0 0
3 3
-3 12
16 -1
-6 2
-37 53
-2 0
-8 1
-8 4
-2 0
-4 -1
-1 -3
-1 -2
-1 -1
-1 -1
-4 0
-1 0
-1 0
-1 0
0 0
-1 0
2 -1
-8 5
-1 0
-1 0
0 -1
-1 0
0 -2
0 -1
0 -1
0 -2
-1 -2
-1 -4
0 -1
0 -1
0 -2
0 0
0 0
0 0
0 0
0 0
0 0
0 0
1 0
0 0
-1 -1
-4 1
-1 1
-1 1
-1 2
-1 0
-1 0
-2 -2
-1 -1
-3 0
-1 0
0 -2
-23 24
-2 1
-6 -1
3 -6
1 -2
0 -1
1 -1
1 0
0 0
0 0
0 0
0 1
0 1
0 1
0 1
2 1
0 1
4 4
-82 -166
-7 -12
-6 -7
-2 -1
-20 -37
0 1
-2 1
6 4
2 1
0 1
0 1
-2 0
-2 1
-1 0
0 0
-1 1
-8 2
-4 -3
0 -2
-1 -1
-1 0
-1 0
-5 0
10 0
-2 0
-1 0
15 -6
-5 2
-1 0
-1 0
-3 -1
0 -1
2 -3
0 -1
0 0
0 -1
0 -1
0 -1
0 -1
0 -1
0 -1
0 0
0 0
0 0
1 0
0 0
1 0
0 0
2 1
-16 3
2 -4
-3 -4
-2 -2
-1 0
-1 0
-1 -2
-1 0
-1 -1
0 -1
-2 0
-1 0
-1 -1
-1 1
1 9
-1 3
-1 4
0 -1
0 -1
0 -1
3 3
1 0
0 0
1 1
-8 -3
3 3
0 1
0 1
1 0
1 1
2 1
4 6
4 4
7 2
4 -2
8 -1
0 4
40 44
2 3
0 0
0 0
0 1
-2 -2
-4 -3
-1 0
0 0
-1 0
-2 0
-2 0
-2 -4
-1 -1
0 0
-1 0
-2 0
241 -32
0 0
-1 0
-7 4
-1 0
0 0
0 0
0 0
-1 0
0 0
0 0
0 0
0 0
0 0
0 0
0 0
0 0
0 0
0 0
1 0
1 1
5 1
1 0
3 1
1 0
6 0
-4 2
5 -5
1 -6
-6 -97
-1 -1
-1 0
-4 -51
-1 -1
-1 -2
0 -1
-2 -1
0 -2
1 -4
13 -12
-2 0
-4 1
0 -1
0 0
0 0
0 0
0 0
0 0
0 0
0 0
2 4
1 2
0 2
0 1
4 3
6 10
-1 -3
-14 -133
1 12
-2 1
0 -1
-1 0
-4 -2
-2 -1
15 13
0 0
0 0
0 0
0 0
-2 0
-1 0
-1 0
-1 0
-2 0
-2 0
-1 -1
-1 0
-4 0
56 3
2 0
2 0
2 0
2 0
1 0
0 0
0 0
0 0
0 0
0 0
0 0
0 0
0 0
0 0
0 0
0 0
0 0
0 0
0 0
0 0
1 0
1 0
3 0
1 0
3 1
2 0
2 0
2 -1
0 -1
0 -2
-6 6
-2 0
-1 0
-1 0
0 -7
0 -3
0 -1
-1 -2
0 -1
1 -2
9 -6
-2 0
-76 148
0 -1
0 0
0 0
0 0
0 0
0 0
0 0
0 0
0 1
0 1
0 1
0 1
1 1
0 2
2 5
0 3
0 2
-2 1
0 -2
-1 0
-4 -1
-2 -1
-15 -6
-37 -4
0 0
13 2
0 0
0 2
-3 4
9 -8
-6 6
-42 23
5 0
-1 -2
-3 -1
1 0
2 0
1 0
1 0
2 0
1 0
0 0
0 0
0 0
0 0
0 0
0 0
0 0
0 0
0 0
0 0
0 0
0 0
0 0
0 0
0 0
0 0
0 0
0 0
1 0
0 0
1 0
1 0
1 0
2 -1
0 -1
2 -5
-2 -1
3 10
-1 0
-1 0
-3 5
0 -2
0 -1
0 -2
1 -3
4 -2
7 -4
-8 2
10 -3
2 -3
0 -1
0 0
0 0
0 0
0 0
0 0
0 0
0 0
0 0
0 1
0 1
0 1
-1 2
-1 1
-1 0
-1 0
-1 0
-1 0
-1 0
-1 0
-2 0
-5 -1
-1 0
0 1
0 1
-1 1
1 -3
1 -1
0 0
1 0
2 -1
1 0
1 0
1 0
0 0
0 0
1 0
1 0
0 0
1 0
0 0
1 -2
0 -1
2 -4
0 0
0 0
0 -1
0 -1
0 -1
0 -1
0 0
0 0
0 0
0 0
0 0
0 0
0 0
0 0
1 0
0 0
1 0
0 0
3 1
-1 -1
-3 1
0 5
0 2
0 1
-1 -4
0 5
-1 0
-1 -1
0 0
-1 -1
0 -1
0 -1
0 -1
0 -1
0 -2
0 -1
0 0
0 0
0 0
0 0
0 0
0 0
0 0
0 0
0 0
0 0
0 0
0 1
-1 1
-1 1
-1 0
-1 0
-1 0
0 0
0 0
0 0
-1 0
-23 -1
-1 0
0 0
0 -1
0 0
0 0
0 0
0 0
1 0
3 -1
3 0
-7 -5
-3 0
0 0
1 0
0 0
0 0
0 0
0 0
0 -3
0 1
0 -2
0 2
0 -1
0 0
0 0
0 -1
0 0
0 0
0 0
1 0
0 0
0 0
0 0
0 0
0 0
0 0
0 0
0 0
0 0
0 0
0 0
0 0
0 0
0 0
0 0
0 0
0 2
0 0
0 1
-2 1
-1 0
-1 0
0 0
0 -1
0 -2
0 0
-2 -1
0 -1
0 0
0 0
0 0
0 0
0 0
0 0
0 0
0 0
0 0
0 0
0 1
0 1
-2 3
-4 3
-3 1
-2 1
-2 0
-1 -1
-2 0
-11 -4
-20 -9
3 2
-7 -2
-5 -2
0 0
0 0
-4 4
-1 1
-4 2
0 0
0 0
0 0
-2 0
0 0
0 0
1 0
1 0
0 0
0 0
2 -2
0 0
0 0
-1 3
0 1
0 -3
0 -2
0 -1
5 -16
2 -3
1 -1
1 -1
2 0
2 -1
1 -1
0 0
0 0
0 0
0 0
0 0
0 0
0 0
0 0
0 0
0 0
0 0
0 0
0 0
0 0
0 1
0 0
0 0
0 0
0 0
0 0
0 0
0 0
0 0
0 0
0 0
0 0
0 0
0 0
0 0
0 0
0 0
0 0
0 0
0 0
0 0
0 0
-1 1
0 1
-4013 2020
-20 5
-13 4
-3 2
-5 -1
0 -1
261 133
1 0
2 1
1 1
1 1
0 0
0 5
0 0
-8 5
-3 2
5 -2
0 0
-1 1
-1 0
16 -1
20 -4
3 -2
1 0
1 0
0 0
0 0
0 0
0 0
0 1
21 -61
0 2
0 -1
0 -1
0 0
2 -4
1 -2
1 0
1 0
1 0
2 0
2 -1
1 0
0 0
0 0
0 0
0 0
0 0
0 0
0 0
0 0
0 0
0 0
0 0
0 0
0 0
0 0
0 -1
0 -1
0 0
1 1
0 0
0 0
0 0
0 0
0 0
0 0
0 0
0 0
0 0
0 0
0 0
0 0
0 0
0 0
0 0
0 0
0 0
0 0
0 1
-3 1
-4 0
-6 2
-3 2
-5 -2
-1 -1
-5 -2
2 1
28 25
7 9
5 4
0 0
0 1
0 0
-3 3
-1 1
4 -3
0 0
0 1
-2 1
3 -1
4 -1
1 0
1 0
1 0
0 0
0 0
0 0
0 0
1 -2
0 -1
1 -1
3 2
3 2
1 0
1 0
1 0
2 0
3 0
-64 -20
-13 0
4 0
4 0
0 0
0 0
0 0
0 0
0 0
0 0
0 0
0 0
0 0
0 1
0 0
0 1
0 0
0 1
0 0
0 0
0 0
0 0
0 0
0 0
0 0
-1 3
0 1
0 1
0 0
0 0
0 0
0 0
0 0
0 0
0 0
0 0
0 0
0 0
0 0
-1 0
0 1
-3 2
-1 1
-2 2
-2 2
-17 1
30 25
26 8
2 1
4 3
1 1
2 2
-7 -5
0 0
0 0
0 0
0 0
0 1
0 0
0 0
0 1
0 2
0 2
-10 12
2 -1
4 -4
0 0
0 0
1 -1
0 0
0 1
0 -1
1 0
1 0
2 2
1 1
3 1
3 0
-6 0
-2 0
-2 0
-1 0
-3 0
-5 1
0 0
0 0
0 0
0 0
0 0
0 0
0 0
0 0
0 0
-1 0
0 -1
0 0
0 -2
-1 7
0 -17
-1 8
1 0
1 0
1 -1
1 -1
0 0
0 1
0 0
0 0
0 0
0 0
0 0
0 0
0 0
0 0
0 0
0 0
0 0
0 0
0 0
-1 0
-1 0
-4 3
-1 1
-3 2
-3 3
13 -1
-1623 -1540
-39 -22
4 3
71 55
8 8
5 4
-1 0
0 0
0 0
0 0
0 0
0 0
0 0
0 0
0 0
0 0
0 0
0 0
2 -1
2 -3
0 0
0 0
1 0
1 0
1 -2
0 0
0 0
1 0
1 1
0 0
1 0
1 0
2 0
2 0
15 1
0 1
0 0
2 0
0 0
0 0
0 0
0 0
0 0
0 0
0 0
0 0
0 0
-1 0
0 0
0 0
-1 -3
0 6
-1 -5
11 86
3 -2
6 3
2 -2
1 -1
1 -1
3 -4
0 1
0 0
0 0
0 0
0 0
0 0
0 0
0 0
0 0
0 0
-1 0
0 0
0 0
-1 0
-1 0
-2 1
-1 0
-2 1
-3 2
13 -2
-4 -5
-8 -5
2 1
3 2
4 5
-11 -12
0 0
0 0
0 0
0 0
0 0
0 0
0 0
0 0
0 0
0 0
0 0
0 0
1 -1
1 -2
0 0
0 0
1 -1
1 -1
-3 8
1 -3
1 -2
1 -1
2 -1
1 0
0 2
-8 7
-4 3
0 1
0 2
0 1
1 0
1 0
0 0
0 0
0 0
0 0
0 0
0 0
0 0
0 0
0 0
-2 2
1 -1
0 0
-3 -12
0 4
-1 -5
4 -6
5 2
5 4
2 0
1 0
1 0
0 0
0 0
0 0
0 0
0 0
0 0
0 0
0 0
0 0
0 0
0 0
0 0
0 0
0 0
-1 0
-1 1
3 -4
-7 7
2 -3
2 -2
0 0
25 40
3 3
1 1
0 1
1 1
1 2
-1 -2
0 0
0 0
-1 0
0 0
0 0
0 0
0 0
0 0
0 1
0 1
0 1
2 -2
2 -3
0 -1
0 0
1 -1
0 0
2 -4
1 -1
1 0
1 0
1 2
1 1
2 4
1 1
3 2
4 3
-6 -1
-2 2
1 0
3 1
0 0
0 0
0 0
0 0
0 0
0 0
0 0
0 0
0 0
0 0
0 0
0 0
0 -1
0 -18
0 -1
0 -2
63 0
-7 -3
6 0
4 0
1 0
0 1
0 0
0 1
0 0
0 0
0 0
0 0
0 0
0 0
0 0
0 0
0 0
0 0
0 0
0 0
0 0
0 0
0 0
0 0
0 0
0 3
0 -2
2404 3846
1 2
6 11
0 0
0 -1
0 0
0 0
0 0
0 0
0 0
0 0
0 0
0 0
0 0
0 0
0 0
0 0
-4 7
-6 11
2 -4
0 0
2 -4
2 -5
0 1
2 -4
2 -6
2 12
1 5
1 2
1489 3994
3 3
3 3
8 5
-3 0
-3 0
-103 -33
-10 -3
0 0
0 0
0 0
0 0
0 0
0 0
0 0
0 0
0 0
2 -2
4 -3
1 -1
0 -1
0 -2
0 -1
0 -2
-9 0
-5 -1
2 -3
0 -3
2 -2
0 2
0 3
0 1
0 2
0 0
-1 4
-1 2
0 0
0 0
0 0
-208 96
0 0
0 0
-1 0
0 0
0 0
0 0
0 0
0 0
0 0
0 0
-6 -11
2 2
2 2
3 3
-13 -24
0 -1
0 0
0 0
0 0
0 0
0 0
0 0
0 0
0 0
0 0
0 0
0 0
0 0
-1 2
-1 2
-14 28
0 0
1 -2
1 -2
0 0
1 -1
1 -1
1 0
3 0
2 5
6 -11
-11 -10
60 52
-7 0
-3 0
-2 2
-3 0
-3 0
2 0
0 0
0 0
1 -1
0 0
0 0
0 0
0 0
0 0
0 -1
0 -1
0 -1
0 -1
-4 -8
0 -1
0 -2
23 -9
-14 -1
1 -3
0 -4
2 -2
0 1
0 1
0 2
0 0
0 -1
-1 2
0 0
0 0
0 0
0 0
2 -1
-2 0
3 -2
23 -12
-13 4
-1 0
-2 0
-1 0
0 0
0 0
-4 2
0 0
0 0
0 0
0 0
0 0
-1 -1
0 0
0 0
0 0
-1 0
-1 0
-1 1
0 1
0 0
0 0
0 0
0 0
0 0
10 -10
-3 5
0 0
0 2
0 -1
0 0
0 0
0 0
1 0
1 1
2 1
4 17
2 -4
0 -1
-1 -2
-2 -1
-1 0
-2 2
-2 0
-3 0
2 0
0 0
0 0
1 -1
0 0
0 0
0 0
0 0
0 0
0 -1
1 -1
0 0
0 0
0 -1
0 -1
0 -1
7 -8
-4 1
3 -4
3 -2
2 1
0 1
0 1
0 1
0 0
-1 1
0 0
0 0
0 0
0 0
0 0
0 0
0 0
0 0
1 -1
0 -1
2 -2
-16 5
0 0
0 0
0 0
0 0
0 1
0 0
0 0
0 0
0 0
0 -2
0 0
0 -1
0 0
0 0
0 0
0 0
-1 1
0 0
0 0
0 0
1 0
0 0
1 0
0 0
0 0
0 -1
0 0
0 0
0 0
0 0
0 0
0 0
1 0
0 -2
0 -1
0 0
-1 -2
-1 -1
-1 0
-2 1
-1 0
-2 0
0 0
0 0
0 0
0 0
0 0
0 0
0 0
0 0
0 0
0 -1
2 -2
1 -1
0 -1
2 -2
1 -2
2 -3
44 -27
-10 3
5 -4
3 -1
2 0
1 1
0 1
0 1
0 1
3 -4
0 1
0 0
0 0
0 0
0 0
0 -1
2 -2
0 -1
1 -1
3 -3
-18 16
-2 1
0 0
0 0
0 0
9 -9
2 -7
0 0
0 0
0 0
1 0
-2 -6
0 -1
0 -1
0 -1
0 0
0 0
0 0
-3 5
0 0
0 0
0 0
0 0
0 0
0 0
0 0
0 0
0 -1
0 0
0 0
0 0
0 0
0 0
0 0
1 0
0 0
0 0
0 0
0 -2
0 0
0 0
0 0
0 0
0 0
0 0
0 0
0 0
0 0
0 0
0 0
0 0
0 0
0 0
0 0
0 0
0 0
0 0
0 0
0 -1
0 -1
2 -3
26 -14
1 -2
1 -1
2 0
3 0
0 2
0 1
-4 11
2 -3
0 1
0 0
0 0
0 0
0 0
0 -1
1 -1
0 -1
0 -1
0 -1
1 -2
1 -1
-8 6
-1 1
0 0
0 0
0 0
1 0
0 0
0 0
0 0
0 -4
0 -1
0 -1
0 -1
0 -1
0 0
0 0
2 -3
0 0
0 0
0 0
0 0
0 0
0 0
0 0
0 0
0 0
0 0
0 0
0 0
0 0
0 0
0 0
0 1
1 0
-25 -7
0 -1
-12 -35
-5 -1
3 -5
0 -3
-1 3
-5 9
0 0
0 0
0 0
0 0
0 0
0 0
0 0
0 0
0 0
0 0
0 0
0 0
0 0
0 -1
0 -1
0 -1
1 -2
7 -2
1 -1
1 -1
1 0
1 0
0 1
0 1
0 1
-2 14
0 1
0 0
0 0
0 0
0 -1
0 -1
2 -3
0 -1
0 -1
1 -1
0 -1
0 -1
1 -1
0 -1
0 0
0 0
0 0
0 0
-1 2
1 0
1 0
0 0
-1 -3
0 -1
0 -2
0 -1
0 0
0 0
0 -1
0 0
0 0
0 0
0 0
0 0
0 0
0 0
0 0
1 -3
0 0
0 0
0 0
0 0
1 0
1 1
4 3
2 -1
-1 0
-1 0
-1 -1
-8 9
1 -2
0 -1
1 -5
3 -4
0 0
0 0
0 0
0 0
0 0
0 0
0 0
0 0
0 0
0 0
0 -1
0 -1
0 -1
-2 -2
0 -1
0 -1
0 -1
3 -1
1 -1
0 -1
1 -1
1 0
1 0
0 0
0 0
0 1
0 0
0 0
0 0
-1 1
8 -18
3 -3
4 -1
13 -8
4 -2
3 -1
5 -3
1 -1
7 -3
-29 16
1 -1
20 -13
-4 6
0 0
0 0
2 1
2 1
-1 -1
0 0
0 -1
0 0
0 0
0 0
0 0
0 0
0 0
0 0
0 0
0 0
0 0
0 0
0 0
0 0
0 0
0 0
0 0
0 0
0 0
0 0
0 1
1 1
1 -1
6 -4
0 0
0 0
0 0
0 0
0 -1
-1 1
-1 0
0 0
0 0
0 0
0 0
0 0
0 0
0 0
0 0
0 0
0 0
0 -1
0 -1
-2 -2
-176 -88
-2 -4
-3 -8
2 -4
14 3
3 -2
1 -2
2 -1
2 2
2 -5
1 5
1 -3
1 -1
-4 3
-1 1
0 0
0 0
0 0
1 0
1 0
1 0
1 0
1 0
2 -1
1 0
1 0
2 -1
1 -1
2 -1
1 -1
3 -1
-21 23
1 0
21 24
0 -1
0 0
0 -1
0 0
0 0
0 0
0 0
0 -1
0 0
0 0
0 0
0 0
0 0
0 0
0 0
0 0
1 0
0 0
0 0
0 0
0 0
0 0
0 1
1 1
3 0
36 -19
0 0
0 0
0 0
2 -2
0 0
0 0
0 0
0 0
0 0
0 0
0 0
0 0
0 0
0 0
-1 0
0 0
-1 -1
-1 -2
-1 -3
-4 -6
19 16
-1 -3
-1 -6
0 -3
4 -1
1 -2
0 -1
0 -2
1 -1
0 -1
1 0
1 0
531 380
0 0
-1 0
0 0
0 0
0 1
0 1
0 0
1 0
1 0
1 0
1 0
0 0
1 0
2 0
2 -1
6 -2
7 -5
2 0
0 0
-2 -1
0 -1
0 0
0 0
0 -1
0 0
0 0
0 0
0 0
0 0
0 0
0 0
0 0
0 0
0 0
0 0
0 0
0 0
0 0
0 0
0 0
1 0
0 0
1 0
2 2
2 3
0 -1
1 -2
0 0
0 0
0 0
1 -1
0 1
1 -1
0 0
0 0
0 0
0 0
0 0
0 0
0 0
0 0
0 0
0 -1
0 -1
0 -1
0 -1
0 -2
-5 -7
0 -2
0 -3
0 -2
2 -1
0 -1
0 -1
0 -4
0 -3
0 -1
0 0
0 0
0 1
0 0
-5 -3
-1 0
0 0
0 1
1 3
3 1
-9 0
23 -2
7 0
-10 1
3 0
38 -10
21 0
-24 5
-8 2
-8 4
10 1
0 0
-1 0
0 -1
0 0
0 0
0 0
0 0
0 0
0 0
0 0
0 0
0 0
0 0
0 0
0 0
0 0
0 0
0 0
1 0
1 0
0 0
0 0
1 0
0 0
1 0
5 3
-42 -33
0 0
1 -1
0 0
0 0
0 0
1 0
0 0
0 0
0 0
0 0
0 0
0 0
0 0
0 0
0 0
0 0
-1 0
-1 0
-1 -1
-1 -1
-1 -2
-2 -2
-5 -3
-3 -2
-8 -9
-2 -1
5 -3
0 -1
0 -1
-1 -4
0 -4
0 -1
0 0
0 2
0 0
-1 2
0 1
-6 5
-1 2
-2 5
1 7
2 1
20 0
6 0
3 0
7 -1
1 0
2 0
2 0
2 0
4 0
1 -1
1 -1
1 0
0 0
0 0
0 0
0 0
0 -1
0 0
0 0
0 0
0 0
0 0
0 0
0 0
0 0
0 0
0 0
0 0
0 0
0 0
0 1
0 0
0 0
2 0
0 1
-4 -2
-2 -1
-1 -1
0 0
5 -6
0 0
0 0
0 0
0 0
0 0
0 0
-2 2
0 0
0 0
0 0
0 0
-1 0
0 0
-1 0
-1 -1
-1 -1
-1 -1
0 -1
0 -2
-1 -2
-3 -2
0 -1
0 -1
0 -1
1 -1
0 0
0 0
0 0
0 0
0 0
0 0
0 0
0 0
0 0
0 0
0 0
0 0
0 1
-1 4
0 1
6 2
4 1
2 1
3 1
1 0
2 0
2 0
2 0
2 0
1 0
0 0
0 0
0 0
0 0
0 0
0 0
0 -1
0 -1
-1 0
0 0
0 0
0 0
1 -2
0 0
0 0
0 0
0 0
1 0
1 0
3 0
1 0
1 0
1 0
3 0
0 1
-1 0
-1 0
0 0
0 0
-2 1
0 -1
0 0
0 0
2 -2
0 2
2 -3
1 0
-1 -1
-1 0
0 0
-1 0
-1 0
-1 0
-1 0
-1 -1
-1 0
-1 -1
0 -1
0 -1
0 -1
-1 -1
0 -1
0 -1
0 -1
4 -2
1 -1
0 0
1 -1
1 -1
1 0
1 0
3 0
1 -1
0 0
0 0
-2 3
0 1
-1 2
-4 9
0 1
2 3
3 2
2 2
3 2
1 0
1 1
0 1
2 0
1 1
3 0
1 0
-1 0
0 -1
0 -1
0 0
0 0
0 -1
0 -1
0 -1
0 0
1 0
0 0
0 0
0 0
0 0
0 0
1 0
1 0
6 -5
-3 5
15 -13
2 0
1 0
1 -1
1 0
0 0
0 0
0 0
-2 1
0 0
0 0
0 0
0 0
0 0
0 2
0 0
0 0
-1 -1
-1 0
0 0
0 0
-1 0
0 0
0 0
-1 0
0 0
0 0
0 -1
0 -1
0 0
-1 -1
0 0
0 0
0 0
1 -1
0 0
0 0
0 -1
0 0
0 0
1 0
3 1
1 0
0 0
0 0
0 0
0 0
0 1
0 5
0 1
1 1
1 3
1 2
1 1
0 0
0 1
0 0
0 0
0 0
0 0
0 -3
-2 -14
0 -1
0 -1
0 0
0 0
0 -1
0 -1
0 -1
0 0
2 -2
0 0
1 -1
0 0
0 0
0 0
1 0
1 1
2 0
-11 9
1 0
1 0
1 0
3 0
0 1
0 0
0 0
0 0
1 -1
2 -1
0 0
1 0
1 0
2 -2
0 1
-3 6
2 -2
0 0
0 0
0 0
0 0
0 0
0 0
0 0
-1 0
0 0
0 0
0 -1
0 -1
0 0
-1 -1
0 -1
0 -1
0 0
0 -1
0 0
0 0
0 0
0 0
0 0
1 1
2 2
2 2
0 0
0 0
0 0
0 0
0 1
0 1
0 0
0 1
0 1
0 1
0 0
0 0
0 0
0 0
0 0
0 0
0 0
0 0
0 0
0 0
0 0
0 0
0 0
-1 -1
0 -1
0 -1
0 0
-7 11
0 0
6 -7
0 0
0 0
0 0
1 0
1 0
2 0
14 -8
1 0
1 0
0 0
1 0
0 0
6 3
-2 -1
0 0
2 0
6 -4
0 0
1 0
2 0
7 -9
0 1
0 0
1 0
