  0
  1
  1
  2
  3
  3
  4
  5
  5
  6
  7
  7
  8
  9
  9
 10
 11
 12
 12
 13
 14
 15
 15
 16
 17
 18
 19
 20
 21
 23
 24
 26
 27
 29
 31
 33
 36
 40
 43
 47
 51
 54
 58
 62
 65
 69
 73
 76
 80
 83
 87
 91
 94
 98
102
105
109
112
114
116
118
119
121
122
123
124
125
125
126
127
128
129
130
130
131
132
133
133
134
135
135
136
137
138
138
139
140
140
141
142
143
143
144
145
145
146
147
148
148
149
150
150
151
152
153
153
154
155
155
156
157
157
158
159
160
160
161
162
162
163
164
165
165
166
167
167
168
169
169
170
171
172
172
173
174
174
175
176
176
177
178
178
179
180
180
181
182
183
183
184
185
185
186
187
187
188
189
189
190
191
191
192
193
193
194
195
196
196
197
198
198
199
200
200
201
202
202
203
204
204
205
206
207
207
208
209
209
210
211
211
212
213
213
214
215
215
216
217
217
218
219
219
220
221
222
222
223
224
224
225
226
226
227
228
228
229
230
230
231
232
232
233
234
234
235
236
236
237
238
238
239
240
240
241
241
242
243
243
244
245
245
246
247
247
248
249
249
250
251
251
252
253
253
254
255
255
  0
  0
  1
  1
  2
  2
  3
  3
  4
  4
  5
  5
  6
  7
  7
  8
  8
  9
 10
 10
 11
 12
 13
 13
 14
 15
 17
 18
 19
 20
 22
 23
 25
 28
 31
 34
 37
 41
 44
 48
 51
 55
 58
 61
 65
 68
 72
 75
 79
 82
 85
 89
 92
 95
 98
100
102
103
104
105
106
107
108
109
110
111
112
112
113
114
115
116
117
117
118
119
120
121
122
123
124
125
126
128
129
131
133
134
136
137
139
140
141
143
144
145
146
147
148
149
150
151
152
153
154
154
155
156
157
157
158
159
160
160
161
162
162
163
164
164
165
165
166
167
167
168
168
169
170
170
171
171
172
172
173
174
174
175
175
176
177
177
178
178
179
180
180
181
182
183
183
184
185
186
187
188
189
190
191
193
194
195
197
198
200
201
203
204
205
206
208
209
210
211
212
213
214
215
216
217
217
218
219
220
221
221
222
223
223
224
225
225
226
227
227
228
228
229
229
230
231
231
232
232
232
233
233
234
234
235
235
236
236
237
237
238
238
238
239
239
240
240
241
241
242
242
242
243
243
244
244
245
245
246
246
246
247
247
248
248
249
249
250
250
250
251
251
252
252
253
253
253
254
254
255
255
  1
  2
  3
  4
  5
  6
  7
  8
  9
 10
 11
 12
 12
 13
 14
 15
 16
 16
 17
 18
 19
 20
 21
 22
 24
 25
 27
 28
 30
 32
 35
 38
 41
 44
 47
 51
 54
 57
 60
 63
 67
 70
 73
 76
 80
 83
 86
 89
 92
 95
 97
100
102
103
105
106
108
109
111
112
113
114
116
117
118
119
120
122
123
124
125
126
127
128
129
130
131
132
133
134
135
136
137
138
139
140
141
142
143
144
145
146
147
147
148
149
150
150
151
152
153
154
154
155
156
156
157
158
158
159
160
160
161
162
162
163
164
165
165
166
166
167
168
168
169
170
170
171
171
172
173
173
174
175
176
176
177
178
179
179
180
181
182
183
184
184
185
186
187
188
189
190
192
193
195
196
198
199
201
203
205
207
209
211
212
214
216
218
220
222
224
225
227
228
229
230
232
233
234
235
236
237
237
238
238
239
239
240
240
240
241
241
241
242
242
242
242
243
243
243
243
244
244
244
244
244
245
245
245
245
246
246
246
246
246
247
247
247
247
248
248
248
248
248
249
249
249
249
250
250
250
250
250
251
251
251
251
251
252
252
252
252
253
253
253
253
253
254
254
254
254
254
255
255
255
255
  0
  1
  2
  2
  3
  3
  4
  4
  5
  5
  6
  7
  7
  8
  9
 10
 11
 11
 13
 14
 15
 16
 17
 18
 19
 21
 23
 25
 27
 30
 33
 37
 40
 43
 47
 50
 54
 57
 60
 64
 67
 70
 74
 77
 80
 84
 87
 90
 92
 94
 95
 96
 98
 99
 99
100
101
102
103
104
105
106
107
109
111
113
115
118
121
124
127
130
133
136
139
142
145
148
151
153
156
158
161
163
165
168
171
174
176
178
180
182
183
184
186
187
188
189
190
191
192
193
194
194
195
195
196
197
197
198
199
199
200
200
201
201
202
202
203
203
204
204
204
205
205
206
206
207
207
207
208
208
209
209
209
210
210
211
211
211
212
212
212
213
213
214
214
214
215
215
216
216
216
217
217
218
218
218
219
219
219
220
220
221
221
221
222
222
223
223
223
224
224
224
225
225
226
226
226
227
227
228
228
228
229
229
229
230
230
231
231
231
232
232
233
233
233
234
234
234
235
235
236
236
236
237
237
237
238
238
239
239
239
240
240
240
241
241
242
242
242
243
243
243
244
244
245
245
245
246
246
246
247
247
248
248
248
249
249
249
250
250
250
251
251
252
252
252
253
253
253
254
254
255
255
255
  0
  1
  1
  2
  3
  3
  4
  5
  5
  6
  6
  7
  8
  8
  9
 10
 11
 11
 12
 13
 14
 15
 16
 17
 18
 19
 20
 21
 22
 24
 25
 27
 30
 33
 37
 40
 44
 47
 51
 55
 58
 62
 66
 69
 73
 76
 80
 84
 87
 91
 95
 98
102
105
109
113
116
118
120
121
123
124
125
126
127
128
129
130
130
131
132
133
134
135
135
136
137
138
138
139
140
140
141
142
143
143
144
145
146
146
147
148
149
149
150
151
151
152
153
154
154
155
156
156
157
158
159
159
160
161
161
162
163
163
164
165
165
166
167
168
168
169
170
170
171
172
172
173
174
174
175
176
176
177
178
178
179
180
180
181
182
182
183
184
184
185
186
186
187
188
188
189
189
190
191
191
192
193
193
194
195
195
196
197
197
198
199
199
200
201
201
202
203
203
204
205
205
206
207
207
208
208
209
210
210
211
212
212
213
214
214
215
216
216
217
218
218
219
220
220
221
221
222
223
223
224
225
225
226
227
227
228
228
229
230
230
231
232
232
233
233
234
235
235
236
237
237
238
238
239
240
240
241
242
242
243
243
244
245
245
246
247
247
248
248
249
250
250
251
252
252
253
253
254
255
255
  0
  2
  5
  7
  8
  9
 11
 12
 13
 14
 15
 16
 17
 18
 18
 19
 20
 20
 21
 22
 23
 23
 24
 25
 26
 27
 27
 28
 29
 30
 31
 32
 33
 33
 35
 36
 37
 38
 40
 42
 44
 46
 49
 52
 55
 58
 61
 64
 67
 70
 73
 76
 79
 82
 85
 88
 91
 94
 97
 99
101
103
105
107
109
110
111
113
115
117
120
122
125
127
129
131
133
135
137
139
141
143
144
146
147
148
149
150
151
151
152
152
153
153
154
154
154
155
155
156
156
157
157
157
158
158
159
160
160
161
161
162
163
164
164
165
166
167
168
169
170
171
171
172
173
174
176
177
178
180
181
182
183
185
186
187
188
189
189
190
191
191
192
193
194
195
196
196
197
198
198
199
199
200
201
201
202
203
203
204
204
205
205
206
206
207
207
208
208
208
209
209
210
211
211
211
212
213
213
214
215
215
216
217
218
218
219
220
220
221
222
222
223
224
225
225
226
226
227
228
228
229
229
230
231
231
232
233
233
234
235
236
237
238
239
240
241
242
243
244
246
246
247
248
249
249
250
250
251
251
251
252
252
252
252
252
253
253
253
253
253
253
254
254
254
254
254
254
254
255
255
255
255
255
255
255
  0
  0
  0
  0
  0
  0
  0
  0
  1
  1
  1
  2
  2
  3
  3
  4
  4
  5
  6
  7
  8
  8
  9
 10
 11
 12
 12
 13
 14
 15
 15
 16
 16
 17
 17
 18
 18
 19
 19
 20
 20
 21
 21
 22
 22
 23
 23
 24
 24
 24
 25
 25
 26
 26
 26
 27
 27
 27
 28
 28
 29
 29
 29
 30
 30
 31
 32
 32
 33
 33
 34
 34
 35
 36
 36
 37
 38
 38
 39
 40
 41
 41
 42
 43
 44
 45
 46
 47
 48
 49
 50
 51
 52
 53
 54
 55
 56
 57
 59
 60
 61
 62
 64
 65
 67
 68
 70
 71
 72
 74
 76
 78
 79
 81
 83
 85
 87
 89
 91
 93
 95
 97
 99
101
103
105
107
109
112
114
116
119
121
124
127
129
133
136
139
142
145
148
151
154
157
160
162
165
167
169
171
173
175
177
179
182
184
187
189
191
193
195
197
199
200
202
204
206
208
210
211
213
215
217
219
221
223
224
226
227
228
230
231
232
233
234
235
236
237
238
238
239
240
241
241
242
242
243
244
245
246
246
247
247
248
248
249
249
249
250
250
250
251
251
251
252
252
252
252
252
253
253
253
253
253
253
253
253
254
254
254
254
254
254
254
254
254
254
254
254
254
254
254
255
255
255
255
255
255
255
255
255
255
255
255
255
  2
  5
  8
 11
 13
 14
 15
 16
 18
 19
 21
 22
 23
 24
 25
 27
 28
 29
 31
 33
 34
 36
 37
 39
 40
 41
 43
 45
 46
 48
 51
 54
 57
 60
 63
 66
 68
 70
 73
 75
 78
 80
 83
 85
 88
 90
 93
 95
 98
100
103
106
109
113
116
119
122
125
128
131
134
138
141
144
147
150
152
155
157
159
161
163
165
167
169
170
171
172
172
173
174
175
175
176
176
177
177
177
177
178
178
178
178
178
178
179
179
179
179
179
179
179
179
180
180
180
180
180
180
180
181
181
181
181
181
181
181
182
182
182
182
182
182
182
183
183
183
183
183
183
183
183
184
184
184
184
184
184
184
185
185
185
185
185
185
186
186
186
186
186
186
186
187
187
187
187
187
187
188
188
188
188
188
189
189
189
189
190
190
190
191
191
191
192
192
192
193
193
194
194
195
195
196
196
197
198
198
199
200
201
202
203
204
205
205
206
207
208
209
210
211
212
213
213
214
215
215
216
217
219
220
222
224
225
227
229
232
234
236
239
241
243
244
246
247
248
248
249
249
249
250
250
250
251
251
251
251
252
252
252
252
253
253
253
253
253
254
254
254
254
254
255
255
255
255
255
  0
  0
  1
  1
  1
  2
  2
  3
  3
  4
  4
  5
  5
  5
  6
  7
  7
  8
  9
  9
 10
 11
 13
 14
 16
 19
 22
 25
 29
 32
 35
 39
 42
 46
 49
 52
 56
 59
 63
 66
 69
 73
 76
 79
 82
 85
 87
 88
 89
 90
 91
 92
 93
 94
 94
 95
 95
 96
 96
 97
 98
 98
 99
 99
100
100
101
101
102
102
103
103
103
104
104
105
105
106
106
107
107
108
108
109
109
110
110
111
111
111
112
112
113
113
114
114
115
115
116
116
117
117
118
118
119
119
120
120
121
121
122
122
123
123
124
124
125
126
126
127
127
128
128
129
130
131
131
132
133
133
134
135
136
136
137
138
139
139
140
141
142
143
143
144
145
146
147
147
148
149
150
151
151
152
153
154
155
155
156
157
158
159
159
160
161
162
163
164
165
166
166
167
169
170
171
172
174
175
176
177
178
179
180
182
183
185
186
187
189
190
191
193
195
196
197
199
200
202
204
205
207
209
210
212
213
215
216
217
218
220
221
223
225
227
228
229
231
232
233
234
236
237
238
239
239
240
241
241
242
243
243
244
244
245
246
246
247
247
248
248
249
249
250
250
251
251
252
252
252
253
253
254
254
254
255
255
  0
  0
  0
  0
  1
  1
  1
  1
  1
  2
  2
  2
  2
  2
  3
  3
  3
  3
  3
  4
  4
  4
  4
  4
  5
  5
  5
  5
  6
  6
  6
  6
  7
  7
  7
  7
  8
  8
  8
  9
  9
  9
 10
 10
 10
 11
 11
 11
 12
 12
 12
 13
 13
 13
 14
 14
 14
 14
 15
 15
 15
 16
 16
 16
 17
 17
 17
 18
 18
 18
 19
 19
 20
 20
 21
 21
 22
 22
 23
 23
 24
 24
 25
 25
 26
 26
 27
 27
 28
 28
 29
 30
 30
 31
 31
 32
 32
 33
 33
 33
 34
 34
 35
 35
 36
 36
 36
 37
 37
 38
 38
 38
 39
 39
 40
 40
 40
 41
 41
 42
 42
 43
 43
 43
 44
 44
 45
 45
 46
 46
 47
 48
 48
 49
 50
 51
 53
 55
 56
 57
 59
 60
 62
 65
 67
 71
 74
 77
 80
 82
 85
 87
 89
 92
 95
 98
101
103
106
110
113
116
119
123
126
129
132
135
139
142
145
148
151
155
158
161
164
167
171
174
177
180
182
185
187
190
192
194
197
199
202
204
207
210
212
214
216
219
221
223
225
226
228
229
231
232
234
235
236
237
238
240
241
242
243
244
245
245
246
246
247
247
247
248
248
248
248
249
249
249
250
250
250
250
251
251
251
251
252
252
252
252
252
253
253
253
253
254
254
254
254
254
255
255
255
255
  0
  0
  0
  1
  1
  1
  2
  2
  3
  3
  3
  4
  4
  5
  5
  6
  6
  6
  7
  7
  8
  8
  8
  9
  9
  9
  9
 10
 10
 10
 11
 11
 11
 12
 12
 12
 13
 13
 13
 14
 14
 14
 15
 15
 15
 16
 16
 16
 17
 17
 17
 18
 18
 19
 19
 19
 20
 20
 21
 21
 21
 22
 22
 23
 23
 24
 24
 24
 25
 25
 25
 26
 26
 27
 27
 28
 28
 28
 29
 29
 30
 30
 30
 31
 31
 32
 32
 32
 33
 33
 34
 34
 35
 35
 36
 36
 37
 37
 38
 38
 39
 39
 40
 40
 41
 41
 42
 42
 43
 43
 44
 44
 45
 46
 46
 47
 48
 49
 50
 51
 52
 53
 54
 55
 56
 57
 58
 60
 61
 63
 64
 66
 68
 69
 71
 73
 76
 78
 80
 82
 85
 88
 92
 95
 98
101
104
108
111
114
117
121
124
127
130
133
137
140
143
146
149
153
156
159
162
165
169
172
175
178
181
183
186
188
191
193
195
197
200
202
204
206
208
210
211
212
214
215
216
217
218
219
220
221
222
222
223
224
225
227
228
229
230
230
231
232
233
234
234
235
236
237
237
238
239
239
240
240
241
242
242
243
243
244
244
245
245
246
246
246
247
247
248
248
249
249
249
250
250
250
251
251
251
252
252
252
253
253
253
254
254
254
254
255
255
255
  0
  0
  0
  0
  0
  0
  0
  0
  0
  0
  1
  1
  1
  1
  1
  2
  2
  3
  4
  5
  6
  7
  8
  9
 10
 10
 11
 12
 13
 14
 14
 15
 16
 17
 18
 19
 20
 21
 22
 22
 22
 23
 23
 23
 24
 24
 24
 25
 25
 26
 26
 26
 27
 27
 27
 27
 27
 27
 28
 28
 28
 28
 28
 28
 28
 28
 29
 29
 29
 29
 29
 29
 29
 29
 29
 30
 30
 30
 30
 30
 30
 30
 30
 31
 31
 31
 31
 31
 31
 31
 32
 32
 32
 32
 32
 32
 33
 33
 33
 33
 33
 33
 34
 34
 34
 34
 35
 35
 35
 35
 35
 36
 36
 36
 36
 37
 37
 37
 38
 38
 39
 39
 39
 40
 40
 41
 42
 43
 43
 44
 45
 46
 46
 47
 48
 48
 49
 50
 51
 52
 53
 54
 55
 56
 57
 58
 59
 61
 62
 63
 65
 66
 68
 69
 71
 73
 75
 76
 78
 80
 82
 84
 86
 88
 89
 92
 94
 96
 99
101
103
106
109
112
114
117
119
122
124
127
129
132
135
139
142
145
148
151
154
157
160
163
166
169
172
175
178
181
184
188
191
194
197
200
202
205
207
209
211
213
214
216
219
221
223
226
229
231
234
237
240
242
244
246
247
248
248
249
250
250
251
252
252
252
253
253
253
253
254
254
254
254
254
254
254
255
255
255
255
255
255
255
255
255
255
255
  3
  5
  8
 11
 13
 14
 15
 17
 19
 22
 25
 27
 30
 34
 37
 40
 43
 46
 49
 52
 54
 55
 57
 58
 60
 61
 63
 64
 65
 67
 68
 69
 70
 72
 73
 74
 75
 76
 76
 78
 79
 80
 81
 82
 82
 83
 84
 84
 85
 86
 86
 87
 88
 88
 89
 89
 90
 90
 91
 92
 92
 93
 94
 95
 95
 96
 97
 98
 99
100
101
102
103
104
105
106
107
108
109
110
111
112
113
114
115
115
116
117
118
119
120
120
121
122
123
124
125
126
128
129
130
131
132
134
135
136
138
139
140
142
143
145
146
147
149
150
151
153
154
156
157
158
160
161
162
163
165
166
167
168
170
171
172
173
174
176
177
179
180
182
184
185
187
190
191
193
195
197
198
200
201
202
203
204
205
206
207
208
209
210
211
212
213
214
216
217
219
220
220
221
222
222
223
223
224
225
225
226
227
227
228
229
230
231
231
232
233
234
234
235
236
236
237
238
238
239
240
241
242
243
243
244
244
245
246
246
247
247
248
248
249
249
250
250
250
251
251
252
252
253
253
253
254
254
254
254
254
254
254
254
254
254
254
254
255
255
255
255
255
255
255
255
255
255
255
255
255
255
255
255
255
255
255
255
255
255
  3
  6
  9
 12
 15
 18
 20
 23
 26
 28
 31
 34
 36
 38
 40
 43
 45
 48
 51
 53
 54
 55
 56
 57
 58
 59
 60
 61
 62
 62
 63
 64
 65
 66
 67
 67
 68
 69
 70
 71
 72
 73
 74
 75
 76
 77
 78
 79
 79
 80
 81
 82
 82
 83
 83
 83
 84
 84
 85
 85
 85
 86
 86
 87
 87
 87
 88
 88
 89
 89
 90
 90
 91
 91
 92
 92
 92
 93
 93
 93
 94
 94
 95
 95
 95
 95
 96
 96
 96
 97
 97
 97
 98
 98
 98
 99
 99
 99
100
100
100
101
101
102
102
103
103
104
104
105
105
106
106
107
108
108
109
109
110
111
112
112
113
114
114
115
116
117
117
118
119
119
120
121
121
122
123
124
125
126
127
128
129
131
132
133
135
138
140
142
143
145
146
149
152
154
156
157
159
160
162
164
167
170
172
174
175
177
180
183
186
189
192
195
198
200
203
206
210
213
216
218
220
222
224
226
228
230
233
235
237
238
240
241
242
243
243
244
244
245
245
245
246
246
247
247
247
248
248
248
249
249
249
249
250
250
250
250
251
251
251
251
251
252
252
252
252
252
252
253
253
253
253
253
253
253
253
254
254
254
254
254
254
254
254
254
254
255
255
255
255
255
255
255
255
255
  0
  0
  0
  0
  0
  0
  0
  0
  0
  0
  0
  0
  0
  0
  0
  0
  0
  0
  0
  0
  0
  0
  0
  0
  0
  0
  0
  0
  0
  0
  0
  0
  1
  1
  1
  1
  1
  1
  1
  2
  2
  2
  2
  2
  3
  3
  3
  3
  4
  4
  4
  4
  5
  5
  5
  6
  6
  7
  7
  7
  8
  8
  9
  9
  9
 10
 10
 11
 11
 12
 12
 13
 13
 14
 14
 15
 16
 17
 18
 19
 21
 22
 23
 24
 26
 27
 28
 29
 31
 32
 33
 34
 35
 36
 38
 39
 40
 42
 43
 44
 46
 48
 49
 51
 53
 55
 56
 58
 60
 62
 64
 66
 68
 71
 73
 75
 77
 79
 81
 83
 85
 87
 90
 92
 94
 96
 99
101
103
106
108
110
112
114
116
119
121
123
125
128
130
132
135
137
139
142
145
148
150
153
155
157
160
163
166
168
171
174
177
179
182
185
187
189
190
192
193
195
196
198
200
201
203
204
206
208
209
211
212
213
215
216
217
219
220
222
224
225
227
229
230
231
233
234
235
236
237
238
239
240
241
243
243
244
245
246
247
248
248
249
249
250
250
251
251
251
252
252
253
253
253
254
254
254
254
254
254
254
255
255
255
255
255
255
255
255
255
255
255
255
255
255
255
255
255
255
255
255
255
255
255
255
255
255
255
255
  0
  0
  0
  1
  1
  1
  1
  1
  2
  2
  2
  3
  3
  3
  4
  4
  5
  5
  6
  7
  8
  9
 10
 12
 13
 15
 17
 18
 19
 20
 21
 22
 23
 23
 24
 25
 26
 26
 27
 27
 27
 28
 28
 29
 30
 30
 31
 31
 31
 32
 32
 33
 33
 34
 34
 35
 35
 35
 36
 36
 36
 36
 36
 37
 37
 37
 37
 38
 38
 38
 38
 38
 38
 39
 39
 39
 39
 39
 39
 40
 40
 40
 40
 40
 40
 40
 40
 41
 41
 41
 41
 41
 41
 41
 41
 42
 42
 42
 42
 42
 42
 42
 42
 43
 43
 43
 43
 43
 43
 43
 44
 44
 44
 44
 44
 45
 45
 46
 46
 46
 47
 48
 49
 50
 52
 53
 54
 55
 56
 57
 58
 59
 60
 61
 62
 63
 64
 65
 66
 68
 69
 70
 70
 72
 73
 74
 76
 77
 79
 82
 84
 86
 89
 90
 92
 94
 96
 98
100
103
105
107
109
110
112
115
118
120
123
125
126
128
130
133
135
137
140
142
144
146
148
150
153
156
158
161
163
166
169
172
175
178
181
184
187
190
193
196
199
202
205
208
212
215
218
221
224
227
230
232
234
236
238
240
242
244
245
246
246
247
248
248
249
249
250
250
250
251
251
252
252
252
252
253
253
253
253
254
254
254
254
254
254
254
254
254
255
255
255
255
255
255
255
255
255
255
