0
0
0
0
0
0
0
0
0
0
0
0
0
0
0
0
0
0
0
5
9
36
133
389
376
313
218
143
143
123
129
299
4534
2402
2148
925
789
901
1363
1209
1288
1089
1602
1942
1929
1791
1434
2453
1699
1626
685
590
416
338
487
484
482
396
266
104
93
77
53
95
114
92
109
76
84
77
87
125
172
159
198
186
137
113
129
244
381
1652
1802
632
947
1565
459
335
317
509
509
446
276
149
87
105
167
129
286
365
322
261
266
189
190
194
166
161
165
166
201
259
245
193
185
150
117
181
161
103
129
211
179
98
110
115
128
143
268
229
210
128
87
49
34
16
17
27
51
60
60
65
66
14
5
0
0
0
0
0
0
0
0
0
0
0
0
0
0
0
0
0
0
0
0
0
0
0
0
0
0
0
0
0
0
0
0
0
0
0
0
0
0
0
0
0
0
0
0
0
0
0
0
0
0
0
0
0
0
0
0
0
0
0
0
0
0
0
0
0
0
0
0
0
0
0
0
0
0
0
0
0
0
0
0
0
0
0
0
0
0
0
0
0
0
0
0
0
0
0
0
0
0
0
0
0
0
0
0
0
0
0
0
0
0
0
0
0
0
0
0
0
0
1
3
3
9
8
12
12
18
11
27
21
30
37
40
38
65
66
81
88
117
157
284
642
5107
847
424
302
306
239
193
195
159
210
163
200
242
609
700
1245
3392
1934
1399
1858
2740
6938
1621
1148
2133
884
401
453
457
287
136
152
73
65
61
57
67
70
52
42
50
47
40
64
43
54
73
45
50
46
40
46
35
39
61
59
59
49
49
60
41
48
42
47
30
23
28
21
30
52
66
67
132
120
93
117
136
142
139
142
141
197
192
357
243
216
219
257
391
403
557
771
776
697
810
431
750
955
697
515
503
432
548
416
435
462
476
181
209
228
257
43
13
7
8
8
9
5
12
7
5
7
9
6
7
8
12
4
8
6
10
5
7
7
10
8
5
6
8
2
8
7
8
8
3
4
8
9
7
6
8
8
5
9
3
13
8
9
10
6
10
7
10
7
8
11
5
14
14
19
12
15
16
18
21
24
60
99
288
691
155
72
34
10
2
1
0
0
0
0
0
0
0
0
0
0
0
0
0
0
0
0
0
0
0
0
0
0
0
0
0
0
0
0
0
0
0
0
0
0
0
0
0
0
0
0
0
0
0
0
0
0
0
0
0
0
0
0
0
1
2
4
14
23
21
32
46
50
55
82
101
124
142
146
279
676
2251
768
368
342
308
321
281
274
286
279
275
304
286
281
288
297
329
413
601
1133
2584
7069
1308
495
137
155
332
688
442
485
1189
637
699
1353
1577
3541
4332
2039
391
187
78
61
60
47
55
65
45
62
39
66
43
32
43
40
38
55
39
42
67
32
23
29
20
21
30
37
25
38
25
40
27
68
63
126
170
103
63
46
47
57
27
24
35
34
22
28
31
30
30
38
31
43
43
40
51
51
118
281
289
323
321
224
189
93
71
25
26
29
39
106
178
333
541
314
234
516
385
475
529
505
766
637
763
1063
735
718
401
5
3
6
4
2
3
5
2
5
4
5
4
6
2
4
8
3
6
1
6
4
6
6
3
5
3
5
5
6
6
6
2
9
7
2
10
3
8
8
8
8
10
5
9
8
12
9
15
37
57
95
349
1474
200
52
35
27
21
5
1
0
0
0
0
0
0
0
0
0
0
0
0
0
0
0
0
0
0
0
0
0
0
0
0
0
0
0
0
0
0
0
0
0
0
0
0
0
0
0
0
0
0
0
0
0
0
0
0
0
0
0
0
0
0
0
0
0
0
0
0
0
0
0
0
0
0
0
0
0
0
0
0
0
0
0
0
0
50
574
549
576
995
1132
609
1516
1564
816
622
686
477
1027
1095
1096
1021
1459
2815
1119
1851
1080
843
1207
1238
2386
1853
3454
1728
678
260
392
286
295
188
173
198
200
181
178
154
98
110
131
142
137
110
122
117
133
185
167
115
152
173
177
238
269
364
432
360
454
492
474
363
274
253
191
117
170
91
128
165
219
244
237
218
201
253
199
221
244
232
288
311
354
259
176
308
357
274
223
159
171
269
144
223
205
183
202
167
204
250
297
384
358
253
305
340
486
357
502
291
372
416
311
234
92
82
0
0
0
0
0
0
0
0
0
0
0
0
0
0
0
0
0
0
0
0
0
0
0
0
0
0
0
0
0
0
0
0
0
0
0
0
0
0
0
0
0
0
0
0
0
0
0
0
0
0
0
0
0
0
0
0
0
0
0
0
0
0
0
0
0
0
0
0
0
0
0
0
0
0
0
0
0
0
0
0
0
0
0
0
0
0
0
0
0
0
0
0
0
0
0
0
0
0
0
0
0
0
0
0
0
0
0
0
0
0
0
0
0
0
0
0
0
0
0
0
4
25
154
297
286
352
288
154
127
115
140
206
1152
931
1321
787
767
1872
2194
2799
1676
821
1357
1393
1484
2087
988
1613
1310
921
749
578
491
581
464
459
688
917
493
200
87
31
77
48
59
79
48
99
73
103
119
53
84
98
98
115
95
79
86
75
104
149
193
112
138
124
172
224
364
415
408
333
269
338
381
361
429
724
1079
733
586
643
650
2344
2747
1105
531
365
299
261
286
171
124
87
63
72
101
76
112
128
112
150
98
119
106
131
151
156
135
126
142
121
142
255
223
201
254
317
389
318
322
164
167
177
161
227
67
16
1
2
1
1
0
0
0
0
0
0
0
0
0
0
0
0
0
0
0
0
0
0
0
0
0
0
0
0
0
0
0
0
0
0
0
0
0
0
0
0
0
0
0
0
0
0
0
0
0
0
0
0
0
0
0
0
0
0
0
0
0
0
0
0
0
0
0
0
0
0
0
0
0
0
0
0
0
0
0
0
0
0
0
0
0
0
0
0
0
0
0
0
0
0
0
0
0
0
0
0
0
0
0
0
0
0
0
0
0
0
0
0
0
0
0
0
0
0
0
0
0
0
0
0
0
1
4
1
0
5
7
13
18
21
42
45
66
107
136
282
395
539
235
148
120
87
88
85
95
106
149
180
297
390
1406
823
1221
466
356
139
75
79
104
47
164
229
376
628
343
107
40
59
46
32
28
25
35
29
27
16
32
29
31
40
33
31
24
23
32
33
20
21
27
41
32
42
54
29
69
43
38
33
38
42
62
92
345
686
221
126
91
65
67
74
75
91
63
70
78
80
236
83
89
70
57
79
58
50
76
102
68
80
84
84
104
90
78
65
87
88
106
138
161
222
213
276
251
264
216
251
316
336
245
209
180
134
79
54
79
42
64
70
52
52
44
38
45
46
38
47
52
40
44
49
44
45
52
51
42
60
49
39
59
59
56
68
50
54
44
63
55
49
48
58
75
51
57
61
66
65
56
66
81
77
78
73
105
82
93
119
163
192
333
548
1038
4579
24590
1984
800
417
170
104
41
12
11
10
2
4
3
3
4
4
9
5
0
11
6
7
3
12
10
8
5
11
10
17
24
23
33
58
65
44
46
25
13
9
1
2
6
2
5
1
1
0
0
0
0
0
0
0
0
0
0
0
0
0
0
0
0
0
1
1
0
2
7
7
15
13
26
20
29
39
52
96
88
143
427
599
233
157
108
79
83
82
97
99
94
118
137
177
194
272
741
1801
4971
650
541
388
86
68
36
78
43
39
32
66
60
54
98
195
563
213
212
269
102
46
29
29
16
26
30
30
22
47
48
25
26
22
29
27
30
26
21
32
39
29
58
41
48
40
33
35
26
46
45
47
59
68
61
64
43
52
42
56
62
49
55
44
49
49
56
64
51
70
73
60
72
83
104
78
77
75
70
59
78
60
64
50
77
99
93
82
60
84
259
397
377
538
465
571
636
630
314
170
132
130
119
95
103
92
74
60
43
42
45
37
32
48
38
36
43
45
34
54
44
37
28
53
50
38
46
37
46
54
41
35
42
54
51
58
55
56
48
52
53
43
47
62
59
72
63
58
64
78
94
110
134
174
257
405
731
2763
24364
1315
546
327
173
93
46
35
21
11
10
4
7
6
7
6
5
3
4
10
8
9
13
3
7
4
6
5
7
11
10
10
27
41
57
50
47
29
28
17
12
6
3
1
1
1
2
0
0
0
0
0
0
0
0
0
0
0
0
0
0
0
0
0
0
0
0
0
0
0
0
0
0
0
0
22
25
50
67
142
811
1546
278
182
357
1494
1882
1866
2823
2367
1606
652
610
1632
1897
1293
641
667
889
687
178
242
535
742
397
451
382
440
419
182
278
359
504
1167
1085
926
1026
522
247
113
144
163
100
58
100
158
160
185
144
160
144
184
223
222
219
214
202
251
225
262
286
279
227
177
165
131
164
127
134
105
58
18
77
27
29
47
86
76
48
46
40
31
39
65
48
34
47
75
128
138
115
104
125
69
60
50
61
98
42
45
81
48
61
109
117
230
545
623
1156
1047
1009
685
591
423
431
248
251
225
259
346
453
236
164
237
180
212
252
318
325
248
161
190
257
380
296
192
227
294
203
280
352
274
321
276
270
239
153
103
83
19
0
0
0
0
0
0
0
0
0
0
0
0
0
0
0
0
0
0
0
0
0
0
0
0
0
0
0
0
0
0
0
0
0
0
0
0
0
0
0
0
0
0
0
0
0
0
0
0
0
0
0
0
0
0
0
0
0
0
0
0
0
0
0
0
0
0
0
0
0
0
0
0
0
0
0
0
0
0
0
0
0
0
0
0
0
0
0
0
0
0
0
0
0
3
11
57
217
461
402
334
161
103
49
80
85
108
111
809
699
818
626
1168
1204
596
2827
2977
2980
976
854
2854
330
214
165
170
191
154
156
132
110
116
66
33
81
98
109
108
115
117
136
119
83
139
134
150
137
137
68
48
59
46
93
103
108
71
115
96
91
46
61
62
103
168
316
567
777
423
249
239
253
346
222
204
194
217
333
663
1024
501
644
841
1767
1240
2216
2320
1465
1452
900
884
1179
1496
637
331
195
136
126
123
134
163
202
169
210
272
335
411
336
351
351
225
166
139
122
136
148
134
115
106
108
113
96
118
131
118
164
240
245
183
139
136
138
128
131
166
85
35
12
1
0
0
0
0
0
0
0
0
0
0
0
0
0
0
0
0
0
0
0
0
0
0
0
0
0
0
0
0
0
0
0
0
0
0
0
0
0
0
0
0
0
0
0
0
0
0
0
0
0
0
0
0
0
0
0
0
0
0
0
0
0
0
0
0
0
0
0
0
0
0
0
0
0
0
0
0
0
0
0
0
0
0
0
0
0
0
0
0
0
0
0
0
0
0
0
0
0
0
0
0
0
0
0
0
0
0
0
0
0
0
0
0
0
1
2
4
4
3
9
22
33
41
61
106
196
353
1777
1626
323
191
109
60
45
59
41
179
451
723
1507
3180
1172
285
169
168
217
309
203
94
113
66
90
73
68
68
52
91
68
79
53
56
15
33
53
70
55
52
28
26
26
24
14
22
29
17
29
29
27
50
54
44
63
54
63
58
59
78
121
131
130
121
149
172
161
182
189
237
325
319
273
420
397
388
334
318
336
349
353
290
314
212
202
201
218
233
291
272
309
543
616
1334
691
617
719
587
496
393
392
347
344
289
256
235
231
181
170
151
183
180
154
201
158
184
172
142
146
119
133
128
129
123
113
117
121
121
101
56
52
39
47
45
37
42
38
34
47
34
57
62
60
47
50
42
40
43
41
38
51
61
47
40
51
45
49
59
58
45
73
47
59
62
76
68
96
87
83
86
112
158
264
485
750
1720
14340
1445
642
321
144
62
16
8
2
1
0
0
0
0
0
0
0
0
0
0
0
0
0
0
0
0
0
0
0
0
0
0
0
0
0
0
0
0
0
0
0
0
0
0
0
0
0
0
0
0
0
0
0
0
0
0
0
0
0
0
0
0
0
0
0
0
0
1
2
1
1
3
8
4
13
31
47
82
110
215
947
553
320
320
421
659
1341
194
119
33
28
20
19
17
34
48
37
34
20
49
20
26
9
14
12
13
19
16
17
18
20
14
9
15
15
15
10
14
14
7
11
15
18
31
30
23
8
12
13
14
62
60
43
23
29
46
65
25
31
22
35
30
30
33
43
38
35
42
62
55
49
61
56
58
77
61
48
46
75
71
81
85
78
79
106
74
89
94
104
97
208
371
564
832
528
309
222
138
106
83
90
116
143
451
499
563
767
985
1264
1745
1024
830
692
569
609
780
897
552
463
412
422
659
487
195
76
61
50
43
35
40
51
34
31
37
39
30
26
30
35
41
32
36
32
38
59
30
40
34
46
45
35
35
44
43
42
41
42
46
52
49
48
41
61
65
60
68
65
85
75
104
114
162
241
421
782
2936
20698
1744
634
359
180
60
25
10
3
2
1
0
0
0
0
0
0
0
0
0
0
0
0
0
0
0
0
0
0
0
0
0
0
0
0
0
0
0
0
0
0
0
0
0
0
0
0
0
0
0
0
0
0
0
0
0
0
0
0
0
0
0
0
0
0
0
0
0
0
0
0
0
0
0
0
26
67
139
630
3397
4776
3485
1774
1526
632
762
583
178
110
149
215
249
342
322
186
188
196
181
208
115
111
85
95
94
78
65
43
39
53
33
44
33
18
17
7
6
2
22
48
89
60
95
78
72
107
103
72
35
59
53
38
28
54
37
57
36
40
19
32
13
17
4
12
8
34
67
99
109
50
43
89
68
31
88
156
170
110
81
76
95
153
116
164
188
195
264
346
299
290
363
236
254
280
373
450
419
326
339
538
794
1121
1862
1243
1146
975
766
837
1274
711
661
801
662
1299
1864
2213
1213
623
366
377
350
415
526
412
391
437
250
265
309
349
382
386
526
790
856
294
119
97
28
8
10
21
33
8
17
7
0
0
0
0
0
0
0
0
0
0
0
0
0
0
0
0
0
0
0
0
0
0
0
0
0
0
0
0
0
0
0
0
0
0
0
0
0
0
0
0
0
0
0
0
0
0
0
0
0
0
0
0
0
0
0
0
0
0
0
0
0
0
0
0
0
0
0
0
0
0
0
0
0
0
0
0
0
0
0
0
0
0
0
0
0
0
0
0
0
0
4
82
152
69
15
2
1
2
4
6
13
18
37
167
142
130
81
47
63
93
75
111
137
380
495
493
2259
422
584
4178
602
481
196
162
100
118
89
111
94
231
155
88
135
106
93
112
100
97
121
106
142
87
90
130
92
140
138
121
151
135
224
401
749
22407
5022
1061
601
244
241
152
240
184
186
137
131
102
135
126
297
320
360
395
378
529
658
663
929
651
843
687
517
246
232
161
112
39
28
25
16
22
34
34
31
98
173
312
156
134
103
83
84
102
62
58
52
23
27
33
42
38
34
55
76
87
79
61
27
13
15
22
14
5
10
4
8
11
13
12
15
9
9
5
5
8
16
13
5
10
12
25
5
2
0
0
0
0
0
0
0
0
0
0
0
0
0
0
0
0
0
0
0
0
0
0
0
0
0
0
0
0
0
0
0
0
0
0
0
0
0
0
0
0
0
0
0
0
0
0
0
0
0
0
0
0
0
0
0
0
0
0
0
0
0
0
0
0
0
0
0
0
0
0
0
0
0
0
0
0
0
0
0
0
0
0
0
0
0
0
0
0
0
0
0
0
0
0
0
0
0
0
0
0
0
0
0
0
0
42
235
29
14
0
0
0
0
0
0
0
0
0
0
0
0
0
1
2
10
11
11
12
7
9
8
8
17
19
22
43
44
33
24
43
85
162
73
277
93
79
80
60
56
69
68
87
89
93
112
102
94
100
98
116
147
122
151
170
208
413
933
21433
9500
1334
662
274
69
35
42
8
10
16
8
11
8
12
8
19
14
9
13
13
14
16
15
11
15
18
28
34
90
149
238
156
202
67
60
35
19
24
18
19
24
18
19
20
19
22
17
15
39
53
35
41
28
24
25
28
32
50
77
95
85
51
53
45
44
47
37
55
43
41
56
66
66
40
51
38
40
36
48
59
60
38
70
61
79
122
117
58
45
23
24
13
9
11
17
9
9
8
10
13
9
17
15
8
11
16
20
12
18
20
19
13
12
12
13
17
17
21
17
14
14
29
27
32
26
20
31
28
45
68
148
329
1101
12255
649
194
174
83
31
14
10
1
4
1
0
0
0
0
0
0
0
0
0
0
0
0
0
0
0
0
0
0
0
0
0
0
0
0
0
0
0
0
0
0
0
0
0
0
0
0
0
0
0
0
0
0
0
0
0
0
0
0
0
38
236
46
0
0
0
0
0
0
0
0
0
0
0
0
0
0
0
0
0
0
0
0
0
0
0
0
0
1
0
3
12
23
40
93
45
144
93
264
134
77
64
79
61
53
53
64
69
103
92
91
91
109
119
136
139
143
141
168
265
416
844
21415
8056
1344
740
213
86
45
35
10
13
10
17
7
7
11
5
7
4
11
7
4
13
11
9
9
12
4
6
7
8
7
2
10
6
3
2
11
4
7
7
7
4
4
8
3
5
5
2
6
6
8
7
7
6
10
4
6
5
11
7
9
6
9
7
7
10
5
7
10
8
3
8
9
7
5
4
8
10
7
11
10
4
9
10
4
5
8
3
7
23
13
18
8
7
6
12
4
5
5
11
13
4
7
10
4
14
11
8
10
10
11
12
13
10
10
14
17
8
10
11
12
13
22
13
28
18
19
16
39
32
61
98
222
1172
17321
640
203
133
75
46
25
5
3
0
0
0
0
0
0
0
0
0
0
0
0
0
0
0
0
0
0
0
0
0
0
0
0
0
0
0
0
0
0
0
0
0
0
0
0
0
0
0
0
0
0
0
0
0
0
0
0
0
0
1
53
176
59
5
26
0
0
0
0
3
4
2
16
25
32
48
41
49
77
200
298
255
133
45
25
11
14
9
8
23
22
18
32
53
95
83
153
129
185
94
61
64
55
73
61
66
65
62
67
83
77
78
78
94
89
88
95
103
116
201
404
724
36648
6251
831
490
192
62
107
68
19
14
11
29
77
116
124
74
66
67
80
56
63
68
66
82
60
43
57
44
31
32
73
52
122
154
184
134
67
58
99
112
66
61
100
89
88
88
124
155
71
45
46
79
84
118
89
104
95
70
91
133
103
112
95
51
66
57
54
59
51
74
79
86
69
74
68
77
91
99
107
169
213
134
70
66
154
142
106
65
52
67
104
108
140
85
46
37
26
21
39
33
28
33
28
11
11
5
9
10
9
10
3
1
5
3
0
0
0
0
0
0
0
0
0
0
0
0
0
0
0
0
0
0
0
0
0
0
0
0
0
0
0
0
0
0
0
0
0
0
0
0
0
0
0
0
0
0
0
0
0
0
0
0
0
0
0
0
0
0
0
0
0
0
0
0
0
0
0
0
0
0
0
