0 0
0 0
0 0
0 0
0 0
0 0
0 0
-1 0
-1 0
0 0
0 0
0 1
-1 3
0 7
0 2
1 -1
-2 -2
-1 -1
-2 -1
0 -1
0 -2
0 -3
-1 -3
0 -1
0 -1
0 0
0 -1
-1 -1
-1 -1
-1 -1
24 -18
2 -4
1 -3
1 -5
-4 5
0 -1
0 -2
-97 167
0 0
0 0
0 0
0 0
-1 0
0 0
0 -1
0 0
-1 -1
-1 -2
0 -3
23 42
-1 -2
0 -1
0 0
0 -1
0 -1
0 0
0 0
0 0
0 0
0 0
0 0
0 0
0 0
0 0
0 0
0 0
0 0
0 0
0 0
0 28
0 4
0 1
0 1
0 1
0 1
0 0
0 1
0 0
0 0
-1 0
0 0
0 0
0 0
0 0
0 0
0 0
0 0
0 0
0 0
0 0
0 0
0 1
-1 1
-1 4
0 2
4 -5
-2 -1
-1 0
-4 0
-1 -1
-1 -1
0 -10
-1 -1
-1 -1
15 -3
-1 0
-1 0
-1 -1
6 -3
-10 2
0 -3
0 -3
0 -2
0 -9
-2 6
0 -2
0 -4
-2 3
0 0
0 0
0 0
-1 0
-1 1
-2 2
0 -2
0 0
0 -5
0 -4
2 -6
0 2
2 4
-1 -4
-1 -1
-2 -2
-1 -1
-1 -1
0 0
0 0
0 0
0 0
0 0
0 0
0 0
0 0
0 0
0 0
0 0
0 0
0 0
0 1
0 3
0 1
0 1
0 1
0 1
0 0
0 1
0 0
0 0
0 0
0 0
0 0
0 0
0 0
0 0
0 0
0 0
0 0
0 0
0 0
0 0
0 0
0 1
0 1
0 1
-1 1
0 0
0 0
-7 3
-1 0
0 0
0 0
0 0
-1 0
-4 0
-1 0
-1 0
-1 0
-5 1
-2 0
1 -4
0 -3
0 -3
12 101
-2 4
0 -5
-9 25
-1 1
0 0
0 0
0 0
0 0
0 1
0 0
0 1
0 0
0 0
0 -1
1 -1
2 -2
0 15
0 -4
-1 -1
-3 -3
-2 -1
-1 -1
0 0
0 0
0 0
0 0
0 0
0 0
0 0
0 0
0 0
0 0
0 0
0 0
0 0
-1 -5
0 -5
0 3
0 1
0 1
0 2
0 0
0 1
0 0
0 0
-1 0
0 0
0 0
0 0
0 0
0 0
0 0
0 0
0 0
0 0
0 0
0 0
0 0
0 0
0 0
0 0
0 0
0 0
0 0
25 -11
-2 0
-1 0
-2 -3
-1 0
-1 0
-3 0
-1 0
0 0
-1 -1
-5 0
-3 0
4 -9
0 -4
0 -4
-3 15
-2 2
-2 2
-1 1
-1 0
0 0
0 0
0 0
0 0
-1 1
0 0
0 0
0 -1
6 -25
-2 10
-2 4
0 1
3 5
-2 -3
0 0
-1 -1
-1 -1
0 0
0 0
0 0
0 0
0 0
0 0
0 0
0 0
0 0
0 0
0 0
0 0
0 0
0 0
0 1
1 1
1 2
1 1
1 2
0 2
0 0
-1 1
0 0
0 0
-1 0
0 0
0 0
0 0
0 0
0 0
0 0
0 0
0 0
0 0
0 0
0 0
0 0
0 0
0 0
0 1
-1 1
0 0
-2 1
2 0
-2 -1
-1 0
-11 -29
-2 0
-2 0
-4 1
-1 0
-1 0
-2 0
5 -6
-4 3
20 -35
2 -5
2 -6
-1 1
-1 0
0 0
0 0
0 0
0 0
0 0
0 0
0 0
0 0
0 0
2 -3
0 -1
2 -3
4 -8
9 -13
0 1
0 2
-46 -56
-1 0
-1 0
0 0
0 0
0 0
0 0
0 0
0 0
0 0
0 0
0 0
0 0
0 0
0 0
0 0
0 0
0 0
0 0
1 0
1 2
2 1
2 2
0 2
0 1
0 1
0 1
0 0
-1 0
0 0
0 0
0 0
0 0
0 0
0 0
0 0
0 0
0 0
0 0
0 0
0 0
0 0
0 0
0 0
0 0
0 0
-1 1
0 0
18 -17
-1 1
0 2
0 2
4 -6
2 -4
-4 1
-23 12
-2 1
2 -6
-4 7
6 -21
2 -8
6 -25
-1 1
-1 0
0 0
0 0
0 0
0 0
0 0
0 0
-1 0
0 0
2 -4
2 -3
0 -1
1 -2
0 -2
1 -2
0 2
3 8
-2 0
0 0
0 0
0 0
0 0
0 0
0 0
0 0
0 0
0 0
0 0
0 0
0 0
0 0
0 0
0 0
0 0
0 0
1 2
1 2
1 2
2 1
3 2
1 3
0 1
0 1
0 0
0 0
-1 0
0 0
0 0
0 0
0 0
0 0
0 0
0 0
0 0
0 0
0 -1
0 0
0 0
0 0
0 0
0 0
-2 0
-8 -1
-1 1
-27 -26
7 -1
-6 -2
-11 13
0 4
-2 -4
0 -3
5 -6
0 -3
-5 7
0 -4
-2 3
6 -27
1 -5
0 -6
-1 1
-1 0
0 0
0 0
0 0
0 0
0 0
0 0
0 0
0 0
14 -24
-1 2
0 -1
1 -4
1 -1
3 -2
0 1
1 3
-4 -3
0 0
-2 0
-2 -1
-1 0
-1 0
0 0
0 0
0 0
0 0
0 0
0 0
0 0
0 0
0 0
0 0
0 0
0 0
1 2
1 2
2 3
2 2
5 3
0 3
-1 0
-1 1
-1 0
-1 0
-1 0
0 0
0 0
0 0
0 0
0 0
0 0
0 0
0 0
0 0
0 -1
0 -1
0 0
-1 0
-2 0
-1 0
-5 -1
-6 0
0 3
-2 -4
0 -5
-6 5
2 3
0 4
-1 -12
1 -23
-7 9
-16 31
-2 2
-4 7
-1 1
-1 3
-3 7
-3 13
0 1
0 0
0 0
0 0
0 0
0 0
0 0
0 0
-1 0
0 0
-3 4
-5 34
0 -2
2 -4
0 -1
1 -1
0 3
0 3
6 24
-1 0
-3 0
-1 0
-1 -1
-1 0
0 0
0 0
0 0
0 0
0 0
0 0
0 0
0 0
0 0
0 0
0 0
0 0
0 0
1 0
-16 2
-20 2
-3 0
-6 -7
-1 0
-1 0
-1 0
-1 0
-1 0
0 0
0 0
0 0
0 0
0 0
0 0
0 0
0 0
0 0
0 -1
0 -2
0 0
-1 0
-1 0
0 1
0 1
-1 1
0 1
8 7
-27 -32
-2 15
0 4
0 4
-1 -7
0 -6
2 -7
3 -37
-2 2
-1 2
-1 0
-1 1
-1 2
0 3
-1 1
-1 0
-1 0
-2 0
-1 0
-1 0
-1 0
-2 0
-2 0
-1 0
-2 -4
-2 2
-1 -1
-6 -1
0 -2
0 -1
0 21
0 14
-3 -7
-2 0
-2 0
-1 0
-1 0
0 0
0 0
0 0
0 0
0 0
0 0
0 0
0 0
0 0
0 0
0 0
0 0
0 0
0 0
0 0
4 0
23 3
-15 0
0 2
-1 0
-1 0
-1 0
-1 0
-1 0
0 0
0 0
0 0
0 0
0 0
0 0
0 0
0 0
0 0
0 -1
-1 -5
0 -1
1 0
-2 1
-1 1
0 1
0 1
0 0
2 1
5 2
3 4
0 3
0 2
6 22
1 9
-8 34
-2 10
-2 1
-1 1
-1 0
-1 1
-1 2
0 3
0 1
-2 1
-4 1
-21 6
-11 0
-10 0
-11 -3
-9 -2
51 11
-3 0
311 38
0 3
0 -4
3 -6
0 -1
0 -1
-5 13
-2 5
-1 10
-3 -6
3 8
-3 -3
-1 -1
-1 0
0 0
0 0
0 0
0 0
0 0
0 0
0 0
0 0
0 0
0 0
0 0
0 0
0 0
0 0
2 -2
1 -4
0 -7
-1 0
-1 0
-1 0
-1 0
0 0
-1 0
0 0
0 0
0 0
0 0
0 0
0 1
0 1
0 0
0 0
0 0
0 -1
0 -1
0 0
0 0
0 0
1 0
1 0
1 0
3 1
5 3
4 2
1 3
1 2
7 13
3 8
0 -11
0 -11
-2 2
-1 1
0 0
-1 0
-1 1
0 3
-1 0
-2 0
-2 0
-10 2
-3 1
-1 0
-2 0
-2 0
-3 0
-1 0
-3 -1
0 3
6 -13
-60 82
0 0
1 -1
-1 2
-11 14
-3 6
-4 6
0 1
0 1
0 1
0 1
0 2
-9 -15
-1 -3
0 0
0 0
-1 0
0 0
0 0
0 0
0 0
0 0
0 0
0 0
0 0
1 -2
-1 -1
0 -1
0 0
-1 0
-1 0
-1 0
-1 0
-1 0
0 0
0 0
0 0
0 0
0 0
0 0
0 0
0 0
0 0
0 0
-12 -23
-5 0
0 1
0 0
0 0
1 0
1 0
1 0
1 1
2 1
1 1
1 1
0 1
1 2
1 3
-193 -860
-2 -6
-2 1
-1 0
-1 0
-1 0
-1 0
-1 1
-1 0
-3 0
-5 0
23 0
-6 0
-3 0
-4 -1
-4 -1
-13 1
-2 0
-4 3
-3 7
3 -3
3 -2
0 0
0 0
2 0
1 0
2 -1
1 1
2 0
2 1
0 1
0 1
2 3
-2 -2
-1 -2
0 0
0 0
-1 0
0 0
0 0
0 0
0 0
0 1
0 0
0 0
0 0
0 -1
-1 -1
0 -1
-1 0
-1 0
-1 0
-1 0
0 0
-1 0
0 0
0 0
0 0
0 0
0 0
1 0
0 0
0 0
0 0
0 -2
1 2
2 4
0 1
0 1
0 1
0 1
0 1
1 0
3 2
3 4
1 3
0 2
0 1
0 2
0 2
0 3
-1 3
-1 0
-1 0
-1 0
-1 0
-1 0
-1 0
-1 0
-2 0
-2 0
-5 0
-1 0
-1 0
-2 0
-2 0
-8 1
-1 0
-1 1
0 3
4 2
2 1
0 0
0 0
0 0
0 0
1 0
0 1
1 1
16 -2
6 0
0 3
-15 5
14 -17
0 -1
-1 0
-1 0
-1 -1
-1 0
-1 0
0 0
0 0
0 0
0 0
0 0
0 0
2 -2
-1 -2
1 -2
-2 1
-2 0
-2 0
-1 -1
-1 0
-1 0
0 0
1 0
0 0
0 0
0 0
1 0
1 0
0 0
0 0
0 -1
3 -2
-2 -5
-1 3
-1 1
0 0
0 1
0 1
1 1
2 2
2 2
1 2
1 1
0 1
1 1
0 2
0 2
-1 2
-1 0
-1 0
-1 0
0 0
-1 0
-1 0
-1 0
-2 0
-2 -1
-3 -1
-1 0
-1 0
-3 0
-3 0
-5 2
-1 1
0 1
0 2
0 3
4 2
4 -1
2 -1
-9 0
-2 1
-2 2
0 0
6 -1
0 1
-1 1
0 1
-1 1
-22 -50
0 0
0 0
-1 0
-1 0
0 0
-1 0
0 0
0 0
0 0
0 0
0 0
0 0
1 -1
0 -1
0 0
0 -1
0 -1
0 -2
0 -1
0 0
0 0
0 0
-1 0
0 0
-1 1
5 -6
-1 1
0 1
-2 1
2 -2
1 -2
5 4
-1 -1
-2 0
-1 0
-1 0
-24 -10
-2 0
0 3
1 9
4 5
0 3
1 2
0 1
1 2
0 2
-1 1
-1 1
-1 1
-1 1
-1 0
-1 1
-1 0
-4 0
-4 0
-4 0
-6 -1
-5 -1
-2 0
-2 0
-18 0
-17 -3
5 -1
-38 28
-5 11
0 4
2 3
2 0
0 0
0 0
1 0
0 0
1 0
0 0
1 0
-2 2
-2 0
-1 0
-1 0
0 0
0 0
0 0
0 0
-1 0
0 0
0 0
0 1
0 1
0 1
0 0
0 0
0 0
0 0
0 0
0 0
0 0
0 -1
0 -1
0 -1
0 0
0 0
-1 0
-2 -1
-1 0
0 0
-1 0
0 0
0 0
0 0
-1 0
-12 -8
3 2
-5 -6
0 4
0 2
0 2
436 -33
0 1
1 2
0 4
1 5
0 3
0 1
0 1
0 1
0 1
0 0
0 0
-1 0
-1 0
0 0
0 0
0 0
-1 0
-1 0
-1 0
-2 0
-2 0
-1 0
-2 0
-7 0
-23 2
25 -10
-5 3
-4 5
0 7
4 0
2 0
0 0
0 0
1 0
1 0
1 0
1 0
7 -5
-1 3
-1 2
0 1
1 4
-1 0
-1 0
0 0
-1 0
-1 0
0 0
0 0
0 0
0 0
0 0
0 0
0 0
0 0
0 0
0 0
0 0
0 -1
0 -1
0 -1
0 -1
0 0
0 0
83 61
9 6
-3 0
-2 0
-5 -4
0 0
0 0
-1 0
-1 -1
1 2
1 1
2 4
0 1
0 1
0 1
1 0
1 0
2 1
2 2
6 8
3 7
2 2
1 2
-56 25
-4 4
-1 1
-1 1
-2 2
-1 2
0 1
0 1
0 1
-1 0
-1 0
-1 0
-1 0
-1 0
-1 0
-1 0
-3 0
-7 -1
33 -12
-6 4
-2 4
5 3
5 0
2 0
0 0
0 0
1 -1
1 -1
8 -5
2 0
-2 2
0 1
0 0
0 0
0 1
0 0
0 0
0 0
0 0
0 0
0 0
0 0
0 0
0 0
0 0
0 0
0 0
0 0
0 0
0 0
0 0
0 0
0 0
0 0
0 0
0 0
0 0
0 0
0 1
1 1
-5 -2
0 0
-21 -17
0 1
0 0
0 0
1 2
0 1
1 3
0 1
0 1
0 1
1 0
1 0
1 0
2 1
2 1
2 2
2 0
2 0
-24 35
0 11
-1 1
-3 0
-2 1
-2 1
-1 1
-1 1
-1 0
-3 0
-3 0
-3 0
-3 0
-2 0
-2 0
-2 0
-22 0
4 0
4 -2
12 -9
-49 66
3 9
4 1
3 -1
0 0
0 0
8 -4
2 -2
-2 2
2 1
-1 3
4 16
0 1
1 4
0 0
0 0
0 0
0 0
0 0
0 0
0 0
0 0
0 0
0 0
0 0
0 0
0 0
0 0
0 0
0 0
0 0
0 -1
0 -1
0 -1
0 0
0 0
0 0
0 0
1 1
44 23
-1 0
-1 0
0 0
0 0
0 0
0 0
10 13
1 2
11 13
0 2
0 1
0 2
0 2
1 1
2 1
4 3
-5 -7
-6 -12
10 10
4 3
2 -9
-2 -1
-1 1
-1 0
-1 1
-2 2
-3 4
-1 1
-1 0
-2 0
-2 0
-3 0
-5 0
-8 0
-2 0
-2 0
-9 1
7 0
4 -1
7 -4
2 -2
0 -4
1 0
1 -1
0 0
0 0
0 0
0 0
0 0
0 0
4 -5
0 0
-4 -10
0 0
0 0
0 0
0 0
0 0
0 0
0 0
0 0
0 0
0 0
0 0
0 0
0 0
0 0
0 0
0 0
0 0
0 0
0 0
0 0
0 0
0 0
0 0
0 0
0 0
0 0
0 0
-1 0
-2 0
0 0
0 0
0 0
-1 0
-10 -11
7 7
11 12
2 4
1 3
1 3
1 3
1 1
2 1
2 1
3 3
3 3
1 0
3 0
-10 21
-16 -53
-1 1
-1 1
-2 2
-3 2
-6 10
-2 3
-1 1
-5 0
-8 1
4 0
2 0
2 0
-5 2
-3 3
13 -1
2 0
3 -2
-5 5
2 -3
0 -10
1 1
0 0
0 0
0 0
-1 0
-1 0
0 0
-5 1
0 0
0 1
0 0
0 0
-2 -5
0 -1
0 0
0 0
0 0
0 0
0 0
0 0
0 0
0 0
0 0
0 0
0 0
0 0
0 0
0 0
0 0
0 0
0 0
0 0
0 0
0 0
0 0
0 0
1 0
2 1
0 0
0 0
0 0
0 0
0 0
0 0
-2 -2
110 92
-25 -21
1789 2573
5 9
2 3
3 2
2 1
2 0
2 1
3 1
2 0
1 0
-1 3
-1 22
-1 -6
-1 0
-1 0
-2 0
-3 2
-5 6
-1 1
-1 1
-2 1
-1 1
-1 1
-1 1
-3 2
0 2
1 2
0 1
0 2
-1 1
0 0
-3 4
0 4
0 1
0 0
0 0
0 0
0 0
0 0
-1 0
0 1
2 5
1 0
0 0
-5 -10
-1 -1
0 -1
0 0
0 0
0 0
-1 0
0 0
0 0
0 0
0 0
0 0
0 0
0 0
0 0
0 0
0 0
0 0
0 0
0 0
0 0
0 0
0 0
0 0
1 1
4 1
-5 -1
0 0
-1 0
0 0
0 0
0 0
0 0
-2 -2
22 19
25 23
17 27
2 4
2 4
3 2
2 1
3 0
11 10
-44 -40
6 6
-5 8
0 1
0 1
-1 0
0 0
0 0
-1 0
-2 1
-3 3
-1 1
-1 0
-1 0
0 0
0 0
0 1
-2 2
0 3
2 5
0 3
0 2
-6 4
-3 3
0 0
0 -1
0 0
0 0
0 0
0 0
0 0
0 0
0 0
0 1
0 1
1 2
1 0
8 4
0 -1
0 -2
0 0
0 0
0 0
0 0
0 0
0 0
0 0
0 0
0 0
0 0
0 0
0 0
0 0
0 0
0 0
0 0
0 0
0 0
0 0
0 0
0 0
-1 0
-2 0
-1 0
0 0
-1 0
0 0
0 0
0 0
0 0
-1 -1
-2 -1
-2 -1
-1 -2
-1 -2
-4 -7
4 2
1 0
1 -1
1 -5
-2 -2
1 -2
-1 -16
0 1
-4 -16
0 0
0 0
0 0
-1 0
-2 1
-2 1
-1 0
-1 0
-1 0
-1 0
-1 0
-1 1
-3 0
-3 8
-1 -2
-1 5
5 0
2 0
0 0
0 0
-6 -11
-1 -1
-1 0
0 0
0 0
0 0
-1 0
-1 0
0 0
0 1
0 2
3 0
-14 -8
0 -1
0 -2
1 -1
2 -1
0 0
0 0
0 0
0 0
0 0
0 0
0 0
0 0
0 0
0 0
0 0
0 0
0 0
0 0
0 0
0 0
0 0
0 0
0 0
1 3
3 5
0 2
-2 -1
-2 -3
-1 -1
0 -1
-1 -1
-1 -1
-2 -2
-2 -2
-2 -2
-1 -2
-1 -1
-1 -3
-36 -22
0 -1
-1 -2
-5 -2
-16 -4
0 -1
0 0
0 -1
0 0
0 0
0 0
0 0
0 0
-1 0
-1 0
0 0
0 0
-1 0
0 0
-1 0
0 0
1 -2
0 -2
0 0
0 -3
-1 -3
1 0
1 0
-4 9
0 0
-2 1
-12 10
-1 1
-1 0
-1 0
-1 0
-1 0
-1 0
0 0
-3 4
4 1
-5 -1
5 -3
1 -1
1 0
-5 2
0 0
0 0
0 0
0 0
1 0
0 0
0 0
1 0
0 0
1 0
1 0
1 0
1 0
1 0
0 0
0 0
1 0
0 0
0 0
0 1
1 2
0 1
0 1
9 16
-1 -1
0 -1
-1 -1
-1 -2
-6 -5
-11 -9
-3 -2
-3 -2
-3 -1
-1 -2
-85 -35
-3 -2
-3 -1
-4 0
-52 8
-1 0
0 0
0 -1
0 0
0 0
0 0
0 0
0 0
0 0
0 0
0 0
0 0
0 0
0 0
0 0
0 0
0 0
0 0
1 -4
0 3
2 2
2 0
2 -1
-4 4
0 1
-2 2
-3 4
-1 1
-1 0
-1 0
-1 0
-1 0
-1 0
-1 0
-92 -40
2 -2
31 -41
-4 2
2 -2
2 -1
12 -9
-1 1
0 0
0 0
0 0
0 0
0 0
0 0
1 0
0 0
0 0
0 0
1 0
1 0
1 0
0 0
1 0
0 0
0 0
0 0
0 1
1 2
0 1
0 1
34 49
-3 -4
-1 -1
-2 -3
-5 -7
8 8
68 61
-8 -5
-6 -5
-7 -3
-6 -6
4 0
2 0
1 -1
-1 -1
-1 -1
0 -1
0 -1
0 -1
0 0
0 0
0 0
0 0
0 0
0 0
0 0
0 0
0 -1
0 0
0 0
0 0
0 0
0 0
0 1
-63 142
-1 3
3 2
12 0
-7 7
-1 1
-1 0
-3 0
9 6
0 1
-1 1
-1 0
0 2
-1 2
-1 0
-1 0
-18 5
2 -1
4 -5
4 -3
0 -1
1 -1
3 -3
1 -1
0 0
0 0
1 0
1 0
1 0
1 0
1 0
1 0
1 -2
1 -1
1 -1
1 -1
1 -1
1 -1
1 -1
0 0
0 0
0 0
1 1
0 1
0 0
0 1
3 4
6 7
-1 -1
-3 -3
-6 -6
11 8
-34 -24
-7 -4
-5 -3
-6 -3
-4 -4
15 10
-6 -5
-5 -3
0 -2
0 -1
0 -1
0 -2
0 -4
0 1
0 1
0 0
0 0
0 0
-1 1
0 0
0 0
0 0
0 0
2 1
15 0
59 23
-19 15
-6 9
74 -100
1 9
21 -16
64 -29
0 -25
-6 -6
-1 0
-2 1
-1 3
-1 1
-1 1
0 1
0 3
0 3
0 4
-2 -3
14 44
2 -5
1 -7
-5 3
1 -3
2 -2
5 -6
-1 4
0 0
0 0
0 0
1 0
1 0
1 0
1 -1
0 -1
0 -2
0 -2
1 -2
1 -2
1 -2
1 -2
1 -2
1 -1
1 -1
1 -1
8 9
2 2
0 1
3 3
-8 -9
-66 -82
-1 -1
-2 -2
-3 -3
-10 -8
-3 -2
-5 -2
-3 -3
-5 -2
-6 -5
6 3
-9 -8
-4 -3
0 -2
0 0
0 0
0 0
0 0
-1 2
0 2
0 1
0 1
-11 10
9 -8
-7 6
0 0
0 0
0 1
-4 6
-28 -4
-9 3
-2 1
-2 1
-3 1
-2 1
-144 -120
0 3
21 68
-6 -9
-1 0
-1 0
-9 -4
0 1
0 1
0 1
2 4
0 4
0 3
-1 0
-3 0
-1 -2
-1 -2
1 -3
0 -2
1 -1
0 -3
0 0
0 0
0 0
1 0
1 0
1 0
1 -1
0 -2
0 -1
0 -1
0 -2
0 -4
1 -4
1 -4
2 -4
5 -10
2 -4
1 -2
1 -2
0 1
0 1
0 1
1 1
3 4
2 3
-5 -9
-4 -6
-10 -14
-10 -9
-2 -2
-2 -2
-3 -4
-3 -2
-4 -4
26 15
-3 -3
-4 -2
0 -1
3 0
0 0
0 0
-1 1
-1 1
0 1
0 1
0 1
3 0
1 0
3 0
0 0
0 0
1 0
4 1
1 -1
-1 -2
-28 -7
26 -12
-21 10
-5 9
0 -8
-31 10
-4 -1
-2 0
0 1
0 2
6 6
0 1
0 1
0 1
6 8
-5 -5
-2 -2
-1 -2
0 -3
0 -1
0 -1
0 0
0 -1
0 0
3 -2
3 0
1 0
1 0
1 0
2 0
2 0
1 -3
0 -3
0 -2
0 -3
0 -3
0 -34
-3 31
8 -51
-35 106
-3 11
-7 24
-15 26
-5 12
0 1
0 1
0 1
0 1
1 3
1 2
-2 -6
-2 -3
-2 -4
-6 -7
-1 -1
-1 -1
-2 -3
-2 -2
-4 -5
45 42
51 48
-3 -3
0 0
0 0
-1 0
-3 2
-3 0
5 3
1 2
1 0
1 0
0 1
1 0
-2 1
-2 2
-11 9
1 0
3 -1
4 0
7 0
8 -2
12 -10
-16 15
-5 8
5 -4
4 -5
36 -21
-3 7
0 2
2 3
9 2
5 4
3 3
2 3
-4 0
-3 0
-3 1
-41 50
2 -2
1 -1
1 -1
1 -1
1 -1
4 -3
-3 2
0 2
34 -67
0 0
1 -1
0 -1
1 -2
0 -3
-1 -2
-1 -1
0 -3
-1 -3
0 7
0 4
0 5
-1 4
-1 3
-1 4
-3 3
-2 4
3 7
0 2
0 1
1 3
9 12
2 4
-1 -3
-1 -1
-1 -2
-3 -2
-1 -1
-1 -1
-2 -3
-5 -4
-15 -19
4 3
4 3
2 1
2 2
0 0
5 3
0 1
-1 1
-3 1
-3 15
1 4
-9 -115
3 1
4 1
0 0
13 -2
-2 1
1 0
5 0
5 0
6 0
3 -1
2 -2
3 -3
11 -16
2 -2
4 -5
75 -50
-4 5
-1 3
1 4
5 2
1 3
1 3
0 3
-8 -3
-3 0
-2 0
-4 5
2 -4
2 -2
2 -3
2 -2
12 -8
-7 1
0 1
-3 -2
1 7
0 -2
0 -2
1 -2
0 -3
-1 -2
-1 0
-1 0
-1 -1
-2 -1
-9 -19
-13 -17
6 17
0 5
0 4
3 10
-2 2
-1 4
-1 0
-1 0
-1 0
-1 0
0 1
0 1
-7 -43
0 -1
0 -2
-2 -2
0 0
-1 -1
-2 -3
-3 -5
-2 -4
-5 -8
-5 -6
-140 -116
0 0
-9 -7
0 1
-1 1
-1 1
-2 0
-9 13
-1 -12
-1 -6
0 4
0 3
0 2
1 0
1 0
0 3
9 -1
5 -2
-22 -3
66 -9
6 -5
7 -8
-3 5
2 -4
0 -16
7 -8
-11 7
-10 4
8 -3
5 -1
-7 3
-6 1
-6 1
-3 1
-5 4
-3 2
-7 11
1 -2
1 -2
2 -3
1 -1
2 -2
-5 2
-1 1
0 2
0 1
0 -13
-5 -8
0 -5
-4 -4
-2 -2
-1 -1
-1 0
-2 -2
-2 -1
-4 -4
-3 -1
-3 -2
-9 -7
-12 -19
-2 -1
-8 -5
5 11
0 0
0 0
0 0
0 0
0 0
0 1
0 1
0 0
-2 1
2 -5
11 -18
0 -1
0 -2
0 -2
-1 -2
-3 -4
-7 -7
-2 -2
0 0
1 1
0 1
0 0
0 0
-1 0
-3 1
-22 73
-8 -2
2 6
5 5
0 2
-59 61
28 -35
0 3
3 2
0 -2
-13 -9
3 0
1 0
1 -1
2 -3
0 -1
0 -1
2 -1
5 -7
6 0
2 0
2 0
45 -18
61 4
10 0
-7 2
-14 10
-3 1
-102 98
0 -1
1 -1
3 -2
3 -2
2 -2
-4 0
0 0
16 18
2 3
-1 -3
-1 -1
-1 -2
-2 0
-2 0
-1 0
-1 0
-2 0
-2 0
-4 -3
-2 0
-4 -1
19 18
-9 -7
-2 1
1 4
-2 2
0 0
0 0
0 0
0 0
0 0
0 1
-1 2
-1 2
-4 5
1 -3
4 -7
0 -2
0 -3
-1 -2
-2 -4
5 3
1 0
0 0
-4 -5
-1 -1
-2 0
0 0
-1 0
-1 0
-11 24
92 1167
-5 -8
12 3
-2 7
0 2
0 2
0 1
1 0
3 0
3 0
3 0
1 0
1 0
0 0
1 -1
0 0
0 -1
1 -1
1 -3
4 8
2 2
1 0
12 -2
136 10
15 0
-6 0
-4 1
-2 0
-2 1
5 -4
-117 79
-3 1
-1 0
0 0
0 0
0 0
0 0
0 0
0 0
0 0
0 0
0 0
-1 0
0 0
-1 0
-1 0
-1 0
-2 0
-2 0
-1 0
-2 1
-24 -37
-2 2
32 27
-3 0
0 0
0 0
0 0
0 0
0 0
0 0
0 0
0 1
-3 5
1 -2
1 -2
0 -1
1 -4
0 -1
0 -2
0 -2
0 -1
2 0
0 0
0 1
-459 547
-1 -6
-2 0
-3 -2
3 0
2 0
3 1
0 2
2 2
1 1
-3 4
0 1
0 0
1 0
1 0
1 0
0 0
0 0
0 0
0 0
0 0
0 0
0 -1
0 -1
0 -4
-1 -21
0 1
2 1
2 1
1 1
10 2
-146 -15
6 4
-42 -15
5 0
-91 -12
-5 0
-8 -4
17 16
0 1
0 0
0 0
0 0
0 0
0 0
0 0
0 0
0 0
0 0
-1 0
-1 0
-1 0
-1 0
-2 0
-1 0
-3 0
-2 0
-4 1
-6 2
-3 0
0 0
0 0
0 0
0 0
0 0
0 1
0 4
-1 2
-2 5
1 -5
2 -5
0 -2
1 -3
0 -1
0 -2
0 -2
1 0
-1 -1
3 1
31 15
13 -8
-1 -4
-1 0
-3 0
6 -3
3 0
5 2
0 2
4 0
2 1
0 2
0 1
0 0
0 0
1 0
1 0
1 0
1 0
1 0
1 -2
1 -1
1 -1
3 -3
1 -3
-11 34
0 3
0 1
0 1
0 0
0 1
1 1
2 1
0 2
1 1
1 0
2 1
5 0
1 0
0 0
0 0
0 0
0 0
0 0
0 0
0 0
0 0
0 0
0 0
0 0
0 0
0 0
-1 0
0 0
-1 0
-1 0
-1 0
-1 0
-1 0
-2 0
-2 0
0 0
0 0
0 0
0 0
0 0
0 0
0 0
0 0
0 1
0 2
0 1
-1 4
-1 4
0 -2
0 -1
3 1
0 -2
-1 -1
-15 -12
-7 -5
-66 -35
-1 0
-1 0
-1 0
1 2
0 2
-7 56
-6 0
0 10
0 2
1 0
0 0
1 0
2 0
6 0
12 0
8 -1
4 -2
2 -1
-21 12
4 -2
6 -3
45 -26
1 -2
2 -3
-2 3
0 0
-3 0
-2 0
0 0
1 1
1 1
1 2
1 1
0 0
0 0
0 0
0 0
0 0
0 0
0 0
0 0
0 0
0 0
0 0
0 0
0 0
0 0
0 0
0 0
0 0
0 0
0 0
-1 0
-1 0
-1 0
-1 0
-1 0
-2 0
-1 0
0 0
0 0
0 0
0 0
0 0
0 0
0 0
0 0
0 1
0 0
0 0
0 0
0 0
1 1
1 1
1 0
0 -1
-1 -3
-9 -14
-7 -10
36 126
-2 0
-2 1
-2 2
0 3
0 4
-4 10
-2 0
-8 0
-2 4
-1 0
0 0
-2 -1
-3 -1
-1 0
-2 -1
-6 -2
2 0
1 0
2 -1
2 -1
2 -1
5 -3
0 -1
0 -2
1 -2
0 1
-2 1
-1 0
-1 1
0 1
0 1
0 3
0 0
0 -1
0 0
0 -2
3 -14
3 -3
0 0
0 0
0 0
0 0
0 0
0 0
0 0
0 0
0 0
0 0
0 0
0 0
0 0
0 0
0 0
0 0
-1 0
-1 0
-1 0
-1 1
-1 1
0 0
-1 0
0 0
0 0
0 0
0 0
0 0
0 0
0 0
0 0
0 0
0 0
0 0
1 0
0 0
0 0
1 -1
0 -1
0 -2
0 -2
0 -2
0 0
-1 0
-1 1
-1 2
-2 3
-37 36
-1 0
6 -7
1 -3
0 0
0 0
0 0
0 0
0 -1
0 -1
-1 -1
4 -1
2 0
18 -5
11 -4
-6 0
-2 0
1 -2
0 -3
0 0
0 0
4 2
-44 -20
-2 0
-1 1
1 0
0 0
0 -2
2 9
-3 -11
-3 -7
0 2
-39 35
1 0
0 0
0 0
0 0
1 0
1 0
0 0
0 0
0 0
0 0
0 0
0 0
0 0
0 0
0 0
0 0
-1 0
-1 0
-1 0
-1 1
-1 1
-1 0
-1 0
-1 0
-1 0
-1 0
0 0
0 0
0 0
0 0
0 0
0 0
0 0
0 0
1 0
1 0
1 -1
2 -2
0 -1
0 -1
-1 -2
0 -2
0 0
-1 0
-1 1
-1 2
0 1
-6 8
0 0
1 -2
-1 0
0 0
0 0
0 0
-1 -1
0 -1
-1 -1
-7 -2
3 -1
1 -1
4 -2
5 -4
4 -3
-2 0
0 -1
0 -2
-3 3
0 -1
-7 -1
-4 -2
-2 0
-3 0
0 1
1 84
4 -7
-2 1
-1 0
-3 1
-1 0
2 -1
0 0
0 0
0 0
0 0
1 0
1 0
0 0
0 0
0 0
0 0
0 0
0 0
0 0
0 0
0 0
0 0
-1 0
-1 0
-1 0
-1 0
-1 0
-1 0
-1 0
0 0
-1 0
-1 0
-1 0
0 0
0 0
0 0
0 0
0 0
0 0
0 0
0 0
1 0
1 -1
3 -2
2 -3
1 -2
0 -3
2 -2
1 -1
0 0
-1 0
-2 0
-3 2
-87 74
-1 -1
0 -2
-1 0
0 0
0 0
0 0
5 2
-1 -1
-5 -1
-21 -1
4 -1
2 0
16 -5
11 -6
8 -4
-3 1
0 0
0 0
-3 1
3 -4
1 -3
-1 -1
0 -1
-1 0
-1 0
4 -8
1 -1
7 -12
-3 3
-3 1
-2 1
2 -1
0 0
0 0
0 0
0 0
0 0
1 0
0 0
0 0
0 0
0 0
0 0
0 0
0 0
0 0
0 0
-1 0
-1 0
-1 0
-1 0
-1 0
-1 0
-1 0
-1 0
0 0
-1 0
-1 0
-1 0
0 0
0 0
0 0
0 0
1 0
0 0
0 0
1 1
2 1
15 -5
-11 6
2 -8
1 -7
-2 -24
9 0
-20 0
-4 1
-4 3
1 0
0 0
0 1
-12 -2
-15 9
-1 1
1 1
0 0
0 0
1 0
2 0
4 0
1 0
1 0
1 0
2 0
1 -1
1 -1
2 -2
0 0
0 -1
-1 1
0 -3
-1 -1
-1 -1
-1 0
-2 0
-1 0
0 0
0 -1
0 -1
3 -8
38 -33
-13 10
1 -1
0 0
0 0
0 0
0 0
0 0
0 0
0 0
0 0
0 0
0 0
0 0
0 0
0 0
0 0
-1 0
-1 0
-1 0
-1 0
-2 0
-1 0
-1 0
0 0
0 0
0 0
0 0
0 0
0 0
0 0
0 0
0 0
0 0
1 0
0 0
0 0
1 1
2 0
-1 -7
-1 -7
-1 -3
-2 -3
-130 -117
6 1
-4 -1
-38 24
451 -570
0 0
0 -1
0 0
0 0
-1 1
0 1
0 0
3 1
0 0
2 0
-6 -1
-5 0
-11 -1
1 0
1 0
1 0
1 0
0 0
0 0
0 0
0 0
-1 0
-56 108
-1 -1
-1 0
-1 0
-1 1
-1 0
0 0
0 0
0 -1
0 -1
-7 12
-19 14
2 -1
0 0
0 0
0 0
0 0
0 0
0 0
0 0
0 0
0 0
0 0
0 0
0 0
0 0
0 0
-1 0
-1 0
-2 1
-2 0
-2 0
-2 0
-2 0
0 0
0 0
0 0
0 0
0 0
0 0
0 0
0 0
0 0
1 0
1 0
0 0
0 0
1 0
1 0
1 -2
0 -4
0 -3
-3 -5
18 -67
4 1
-3 -1
1 -2
2 -3
0 0
0 -1
0 0
0 2
2 4
1 4
0 0
16 0
0 0
-48 -4
-1 0
-1 0
0 0
6 -1
1 0
8 -1
4 -2
0 0
1 -1
0 0
-1 -1
-1 0
20 -34
-2 -1
-1 -1
-2 0
-2 1
-1 0
-1 0
0 0
0 0
0 0
1 0
2 -1
1 0
0 0
0 0
0 0
0 0
0 0
0 0
0 0
0 0
0 0
0 0
0 0
0 0
0 0
0 0
-1 0
-1 1
-2 1
-2 0
-2 0
-2 0
-1 0
0 0
0 0
0 0
0 0
0 0
-1 0
0 0
0 0
0 0
1 0
1 0
0 0
0 0
0 0
0 -2
0 -1
0 -1
0 -1
-1 -1
-7 -4
129 217
-1 0
-9 9
-10 15
0 0
0 0
1 3
0 1
6 17
5 25
2 4
0 0
28 2
0 0
0 0
0 0
0 0
161 -14
0 0
-3 0
-2 0
-7 1
-5 1
-1 0
-1 -1
-2 0
-167 218
-6 4
-1 -1
-2 0
-2 1
-1 1
-1 0
0 0
0 0
0 0
1 -1
2 -1
1 0
0 0
0 0
0 0
0 0
0 0
0 0
0 0
0 0
0 0
0 0
0 0
0 0
0 0
0 0
-1 0
-2 0
-2 0
-2 0
-2 0
-2 0
-1 0
