    0
    0
    0
    0
    0
    0
    0
    0
    1
    1
    3
    3
    1
    6
    7
    6
    9
   19
   11
   21
   28
   36
   34
   53
   57
   62
   90
   93
  113
  133
  186
  180
  209
  250
  312
  399
  474
  650
  893
 1212
 1699
 2394
 2965
 3543
 3922
 4087
 4289
 4173
 4083
 3805
 3394
 3158
 2329
 1715
 1307
  867
  694
  503
  409
  308
  225
  144
  143
  103
   81
   70
   53
   48
   45
   36
   29
   23
   35
   24
   29
   21
   17
   25
   18
   13
   14
   19
   14
   10
   13
   13
   16
   15
   10
   15
   11
   19
    7
   11
    9
   16
   22
   11
   17
   11
   10
   11
   10
    8
   12
   15
    7
   14
   15
   13
   13
   10
   10
   13
    9
   14
   13
   10
   13
    8
   13
   13
   15
   10
   11
    8
   11
    9
    9
   11
    6
    9
    7
    6
    6
   11
    8
    9
   10
    9
    4
   10
    6
    7
   12
    4
    5
    5
    5
   11
    9
    7
    9
    5
   10
    4
   10
    7
    3
    7
    5
    9
    8
    5
    6
    5
    7
    8
    7
    6
   11
    6
    8
    9
    8
   11
    6
    7
    6
    3
   13
    1
    7
    8
    7
   12
    4
    5
    4
    6
    6
    7
    3
    6
    8
    8
   10
    6
    3
    4
    6
    8
    6
    6
    6
    7
    3
    8
    1
    3
    6
    5
    4
    2
    1
    4
    5
    3
    1
    5
    2
    4
    0
    3
    1
    0
    1
    1
    0
    1
    2
    3
    0
    2
    3
    1
    0
    1
    1
    1
    2
    0
    1
    0
    0
    0
    0
    1
    0
    0
    0
    0
    0
    0
    0
    0
    5
   11
   11
    9
   11
   21
   13
   17
   15
   10
   18
   12
   26
   29
   34
   23
   39
   45
   63
   42
   63
   64
  103
   87
  105
  143
  146
  157
  204
  205
  228
  270
  329
  432
  555
  638
  850
 1100
 1463
 1884
 2349
 3127
 3694
 3858
 3563
 3278
 2763
 2306
 1952
 1591
 1254
 1018
  780
  589
  452
  372
  268
  211
  174
  140
  135
  121
  120
  102
   96
  101
   91
   69
   90
   95
   88
   79
   91
   93
   93
   93
  102
  111
  103
  113
  117
  152
  178
  216
  266
  268
  313
  252
  268
  241
  226
  210
  177
  208
  161
  179
  133
  142
  140
  120
  113
   87
  107
  104
  110
   69
   67
   74
   64
   73
   57
   56
   59
   55
   53
   60
   45
   52
   41
   40
   37
   41
   31
   40
   31
   35
   33
   34
   35
   33
   37
   26
   33
   26
   31
   34
   35
   33
   27
   34
   31
   29
   38
   38
   32
   45
   61
   50
   74
   93
   82
   91
   96
  125
  115
  112
  133
  150
  172
  190
  202
  222
  255
  267
  219
  231
  187
  187
  186
  170
  165
  166
  151
  159
  132
  128
  126
   86
   95
   93
   97
   95
   79
   80
   59
   70
   69
   57
   57
   34
   48
   43
   33
   36
   52
   24
   30
   34
   16
   22
   28
   16
   12
   11
    8
   10
    4
    5
    2
    2
    2
    4
    2
    4
    6
    3
    0
    2
    1
    0
    4
    1
    2
    5
    2
    2
    0
    2
    1
    1
    0
    1
    2
    0
    1
    2
    0
    3
    3
    0
    0
    0
    0
    0
    0
    1
    1
    0
    0
    0
    0
    0
    1
    0
    0
    0
  220
  256
  248
  211
  171
  178
  177
  146
  127
  144
  143
  124
  128
  138
  130
  147
  151
  130
  146
  151
  170
  187
  209
  207
  226
  257
  281
  313
  414
  447
  497
  638
  731
  920
 1104
 1369
 1660
 1772
 1824
 1918
 1958
 2037
 1875
 1699
 1357
 1065
  915
  746
  658
  611
  467
  429
  394
  343
  305
  307
  279
  255
  238
  239
  261
  243
  238
  226
  234
  208
  223
  247
  177
  214
  183
  198
  197
  178
  205
  166
  197
  175
  171
  189
  174
  191
  195
  162
  152
  172
  167
  156
  140
  171
  162
  152
  143
  150
  133
  128
  127
  108
  146
  151
  116
  121
  111
  110
  112
   98
  110
   98
  104
   97
  109
   94
  109
   94
  116
   99
  130
   90
  100
   91
   79
   89
   92
   96
   94
  108
   91
  103
   97
   85
  108
   95
   97
  115
  126
  131
  109
  148
  117
  123
  120
  110
  142
  169
  166
  146
  156
  144
  168
  182
  196
  204
  246
  290
  268
  285
  297
  348
  348
  438
  377
  395
  369
  371
  323
  355
  392
  408
  402
  366
  354
  277
  278
  264
  226
  217
  227
  228
  206
  195
  155
  114
  101
   86
   70
   62
   59
   41
   35
   21
   16
   13
   12
   10
   14
    9
    8
    6
    5
    6
    6
    8
    6
    3
    4
    4
    3
    3
    2
    0
    1
    4
    3
    8
    5
    1
    3
    4
    2
    2
    3
    1
    0
    1
    3
    2
    4
    1
    0
    0
    0
    2
    0
    0
    1
    0
    0
    1
    3
    0
    1
    0
    0
    0
    0
    0
    0
    0
    0
    0
    0
    0
    0
    0
    0
    0
   76
   85
   64
   47
   26
   44
   31
   40
   38
   32
   51
   56
   79
   97
  102
   98
  123
  118
  154
  153
  168
  140
  188
  192
  210
  258
  319
  330
  480
  580
  723
 1120
 1415
 1885
 2377
 2748
 2878
 3030
 2720
 2597
 2600
 2358
 1946
 1602
 1163
  810
  661
  544
  414
  301
  227
  211
  162
  139
  106
  123
  107
  117
  114
  108
  118
  195
  214
  273
  316
  431
  485
  556
  582
  495
  581
  615
  597
  629
  572
  589
  624
  573
  534
  462
  498
  466
  476
  453
  495
  545
  577
  462
  447
  424
  320
  271
  237
  209
  198
  193
  214
  163
  134
  129
  109
   99
  102
   70
   55
   73
   53
   80
   57
   65
   46
   47
   37
   24
   34
   27
   23
   30
   31
   21
   14
   12
   18
   18
   15
   13
    9
    8
    7
    5
    6
    3
    6
    7
    2
    6
    6
    8
    5
    5
    6
    2
    4
    1
    8
    4
    9
    8
    3
    5
    6
    7
    6
    9
    3
    7
    1
    2
    2
    6
    3
    3
    5
    3
    3
    9
    2
    8
    3
    5
    3
    2
    2
    6
    6
    2
    5
    3
    4
    1
    2
    3
    3
    0
    4
    4
    5
    5
    8
    5
    4
    5
    1
    4
    2
    3
    3
    3
    3
    1
    1
    1
    3
    1
    5
    4
    0
    1
    2
    5
    1
    3
    4
    3
    3
    2
    4
    0
    1
    4
    0
    0
    1
    1
    4
    0
    0
    2
    0
    0
    0
    3
    0
    1
    0
    0
    0
    0
    1
    1
    0
    0
    0
    0
    0
    0
    0
    0
    0
    0
    0
    0
    0
    0
    0
    0
    0
    0
    0
    0
    0
    2
    1
    2
    4
    4
    5
    3
    6
   12
   21
   28
   15
   34
   36
   39
   51
   51
   61
   88
   77
  106
  110
  143
  163
  190
  241
  311
  420
  536
  723
  987
 1284
 1745
 2249
 2434
 2872
 3279
 3650
 3795
 3578
 3324
 3139
 3051
 2892
 2586
 2278
 1992
 1746
 1308
 1127
  800
  549
  386
  285
  202
  149
  146
  112
   80
   82
   50
   46
   46
   48
   41
   44
   47
   34
   43
   23
   32
   41
   25
   28
   31
   23
   22
   18
   25
   20
   27
   21
   28
   26
   30
   26
   29
   28
   22
   17
   16
   24
   18
   22
   25
   28
   14
   12
   26
   19
   15
   19
   20
   15
   19
   13
   25
   12
   11
   13
   10
   14
   13
   15
   13
   15
   14
   12
    7
   13
   12
   11
   15
    5
    5
   10
    8
    9
    3
   12
    9
    8
    8
    8
    9
   11
   11
    7
    9
   15
    7
   10
    8
    7
    6
   11
    5
    6
    8
    6
   11
    5
    5
    7
    9
   10
    7
   10
    3
    8
    5
    3
    9
    9
    7
    7
    5
    5
   11
    8
    7
    8
    9
    1
    6
    9
    3
    7
    7
    5
    9
    8
    8
    4
    4
    4
    9
    2
    3
    4
    3
    8
    2
    6
    3
    2
    4
    6
    5
    3
    2
    0
    5
    3
    1
    1
    0
    0
    1
    1
    0
    0
    0
    0
    1
    0
    0
    0
    0
    0
    0
    0
    0
    0
    0
    0
    0
    0
    0
    0
    0
    0
    0
    0
    0
    0
    0
    0
    0
    0
    0
    0
    0
    0
    0
    0
    0
    0
    0
    0
    0
  204
  350
  559
  485
  314
  258
  231
  215
  240
  238
  234
  220
  184
  165
  159
  153
  135
  153
  147
  172
  159
  167
  149
  167
  173
  161
  181
  173
  170
  183
  164
  194
  189
  202
  264
  229
  269
  305
  352
  366
  425
  552
  613
  640
  730
  776
  856
  945
  993
 1040
 1108
 1133
  950
  946
  845
  746
  714
  644
  542
  460
  454
  408
  440
  436
  365
  313
  334
  345
  381
  497
  544
  574
  573
  482
  429
  419
  415
  440
  458
  441
  472
  405
  366
  324
  277
  216
  193
  175
  138
  135
   95
   95
  105
   87
   78
   86
   76
   74
   79
   66
   93
   95
   92
   91
  106
   97
  119
  118
  116
  121
  135
  130
  174
  174
  161
  151
  171
  200
  193
  206
  195
  203
  173
  194
  182
  246
  276
  278
  285
  294
  249
  259
  243
  337
  229
  188
  192
  206
  158
  152
  152
  156
  167
  203
  171
  178
  155
  159
  144
  122
  109
  125
  129
  114
  124
  129
  133
  138
  151
  131
  115
   90
  100
   88
   79
   73
  109
   98
   89
   74
   87
  106
  110
  112
   95
  105
  133
  141
  125
  132
  132
  157
  160
  159
  156
  148
  134
  136
  124
  145
  154
  142
  139
  152
  148
  138
  122
  135
  109
  124
  110
  117
  120
  115
  138
  134
  162
  134
  157
  173
  187
  196
  183
  206
  230
  252
  238
  206
  247
  256
  224
  191
  157
  158
  150
  121
  106
  100
   76
   70
   60
   43
   60
   38
   43
   26
   34
   27
   21
   19
   21
   26
   15
   18
   14
   27
   23
   20
   22
   20
   14
   18
   12
   12
   20
    5
    4
   14
   11
   12
   16
   24
   20
   35
   42
   58
   88
   80
   69
   85
   83
  119
  150
  165
  202
  170
  179
  180
  146
  164
  180
  170
  173
  170
  141
  140
   91
  113
  132
  107
  110
  100
  113
  122
  122
   91
   90
   83
   89
   92
  117
  115
  102
   78
   66
   81
   78
   65
   86
   92
   75
   75
   64
   84
   75
   69
   81
   89
   90
  100
  102
   99
  114
   87
  120
  119
  118
  140
  137
  138
  139
  139
  150
  153
  162
  154
  159
  161
  176
  165
  179
  212
  218
  225
  220
  188
  219
  218
  213
  222
  243
  263
  256
  241
  271
  248
  285
  267
  283
  326
  322
  325
  312
  284
  341
  354
  416
  370
  404
  407
  383
  413
  418
  421
  456
  436
  449
  459
  406
  428
  435
  434
  477
  541
  537
  538
  508
  490
  579
  586
  586
  646
  746
  753
  834
 1017
 1217
 1396
 1116
  841
  697
  629
  616
  502
  483
  462
  393
  431
  465
  472
  540
  566
  517
  583
  514
  474
  429
  399
  394
  369
  392
  361
  366
  419
  451
  407
  400
  418
  375
  436
  442
  408
  414
  331
  333
  302
  264
  285
  281
  240
  225
  212
  225
  175
  172
  175
  170
  183
  143
  116
  121
  132
  134
  153
  201
  189
  189
  139
   92
   87
  100
   98
   87
   69
   68
   71
   62
   54
   62
   54
   52
   47
   50
   37
   38
   32
   34
   25
   19
   18
   23
   10
    8
   14
   13
    9
   12
   11
    5
    4
    7
    3
    5
    5
    6
    3
    2
    6
    3
    3
    2
    6
    3
    6
    2
    3
    4
    4
    2
    3
    4
    2
  518
  899
  824
  707
  347
  252
  225
  229
  301
  292
  268
  263
  269
  195
  253
  218
  284
  290
  352
  325
  340
  345
  302
  258
  280
  308
  333
  328
  382
  383
  499
  692
  940
 1064
  702
  521
  523
  467
  517
  540
  557
  524
  561
  521
  517
  530
  523
  548
  560
  604
  593
  836
 1141
  900
  792
  781
 1000
 1149
 1560
 1323
 1283
 1405
 1271
 1042
  869
  645
  520
  516
  456
  500
  384
  410
  455
  462
  332
  246
  166
  136
   98
  112
  163
  168
  150
  105
   63
   32
   33
   27
   26
   13
   15
   13
   10
    6
    6
    2
    6
    7
    4
    0
    4
    1
    2
    3
    6
    5
    3
    5
    2
    3
    4
    3
    5
    4
    1
    2
    4
    5
    3
    6
    4
    0
    6
    3
    4
    6
    5
    4
    2
    4
    5
    3
    1
    4
    5
    7
    3
    8
    4
    4
    5
    8
    7
    4
    8
    7
    4
    4
   10
   13
    5
    6
   10
    8
   13
    7
   10
   10
   13
   15
   19
   18
   21
   28
   26
   35
   44
   34
   34
   39
   47
   37
   35
   64
   63
   62
   62
   62
   70
   73
   85
   88
  142
  106
  114
  101
  110
  110
  182
  348
  172
  158
  141
  115
  134
  124
  126
  181
  239
  299
  209
  147
  118
   89
  136
  133
  162
  155
  221
  239
  282
  337
  429
  348
  361
  440
  603
  534
  440
  477
  490
  380
  342
  272
  222
  147
   89
   74
   77
   64
   47
   39
   36
   40
   35
   25
   29
   22
   37
   19
   17
   25
   14
   20
   19
   17
   33
   20
   21
   21
   15
   12
   13
   15
    9
    3
    0
    1
    1
    2
    0
    0
    4
    4
    8
   21
    8
   14
   17
   27
   32
   49
   45
   47
   77
   93
  114
  146
  191
  248
  328
  501
  649
  861
 1201
 1500
 1746
 2065
 2420
 2785
 3200
 3439
 3223
 2817
 2384
 1910
 1598
 1235
 1072
  752
  569
  404
  368
  258
  188
  136
  131
   96
   79
   57
   58
   43
   43
   30
   37
   30
   37
   33
   22
   25
   27
   19
   27
   29
   20
   13
   19
   20
   16
   26
   18
   14
   18
   23
   23
   14
   14
   19
   10
   19
   16
   14
   14
   12
   15
   17
   12
   13
   16
   11
   23
   16
   19
   17
   16
    7
   37
   24
   25
   20
   27
   24
   27
   21
   31
   28
   27
   28
   32
   28
   33
   41
   36
   43
   35
   42
   47
   47
   54
   60
   59
   69
   79
   80
   63
   91
  104
   83
   65
   64
   72
   67
   63
   63
   98
  114
  112
   83
   85
   91
   68
  104
  104
   89
   94
   97
   82
   95
   95
   79
   95
   92
   89
   97
  108
   85
   94
  103
   89
   96
   92
  119
   95
  111
  117
  136
  101
  129
  165
  164
  225
  201
  197
  170
  154
  145
  155
  191
  189
  227
  230
  215
  213
  219
  208
  204
  239
  268
  253
  237
  205
  238
  239
  291
  284
  278
  294
  297
  252
  235
  272
  256
  229
  184
  185
  219
  247
  356
  328
  240
  238
  190
  213
  209
  193
  178
  164
  142
  152
  126
   93
   85
   54
   67
   60
   49
   48
   34
   43
   33
   43
   37
   41
   32
   34
   25
   15
   22
   23
   12
    8
    6
   11
    5
    7
    7
    6
    3
    2
    5
    0
    5
    0
    0
    0
    0
    0
    0
    0
    0
    0
    0
    0
    1
    0
    0
    0
    0
    0
    0
    1
    2
    0
    0
    4
    0
    1
    2
    3
    8
    3
    4
    4
    5
   13
   12
   12
   25
   15
   19
   33
   38
   25
   36
   36
   23
   29
   28
   30
   23
   32
   26
   23
   18
   21
   26
   29
   23
   22
   23
   16
   25
   30
   25
   23
   29
   40
   33
   29
   32
   25
   33
   41
   46
   55
   81
   76
   59
   65
   51
   50
   52
   62
   71
   91
   84
   80
   82
   71
   77
   70
   68
   79
   88
   70
   73
   80
   59
   61
   45
   54
   57
   53
   72
   48
   55
   35
   41
   44
   37
   37
   51
   43
   38
   35
   37
   46
   54
   63
   57
   64
   57
   38
   40
   46
   54
   62
   55
   50
   43
   52
   68
   86
  156
  130
  130
  173
  209
  262
  371
  284
  288
  248
  322
  367
  468
  591
 1086
  925
  913
  602
  495
  465
  472
  510
  640
  613
  574
  557
  556
  652
  787
 1101
 1347
 1545
 2272
 1613
 1301
 1322
 1359
 1749
 2052
 1422
  985
  857
  818
  906
  870
  758
  703
  683
  676
  663
  579
  540
  537
  502
  464
  494
  478
  515
  481
  494
  570
  640
  551
  396
  414
  466
  518
  451
  393
  343
  313
  303
  292
  284
  290
  244
  234
  195
  245
  233
  235
  221
  202
  194
  140
  112
   91
   67
   58
   58
   36
   30
   31
   27
   18
   12
   21
   13
   15
   17
   11
   11
    8
    2
    9
    8
    5
   10
    4
    6
    7
    3
    6
    6
    5
    5
    1
    4
    4
    1
    2
    0
    0
    0
    0
   18
   15
   17
   21
   22
   35
   43
   43
   38
   53
   42
   58
   65
   60
   56
   46
   32
   37
   38
   28
   26
   25
   25
   27
   14
   23
   18
   29
   23
   17
   31
   16
   16
   25
   33
   30
   15
   19
   25
   31
   26
   35
   26
   18
   24
   34
   23
   34
   41
   35
   41
   36
   39
   44
   31
   51
   46
   43
   50
   42
   38
   45
   43
   44
   50
   39
   40
   41
   38
   44
   35
   39
   43
   45
   45
   48
   32
   40
   44
   35
   51
   46
   54
   51
   38
   43
   46
   49
   52
   58
   60
   59
   64
   69
   57
   63
   63
   50
   58
   58
   63
   75
   63
   58
   63
   63
   78
   73
   79
   72
   61
   73
   94
  100
   89
  114
  124
  143
  176
  185
  223
  167
  148
  150
  165
  207
  236
  347
  324
  266
  298
  286
  338
  359
  378
  428
  474
  418
  454
  524
  596
  637
  799
 1091
 1300
 1313
 1268
 1292
 1125
 1281
 1433
 1527
 1615
 1738
 1490
 1186
 1028
 1096
 1252
 1201
 1154
 1104
  861
  707
  712
  795
  866
  719
  669
  622
  525
  511
  519
  547
  480
  471
  458
  455
  459
  433
  411
  396
  403
  346
  301
  232
  237
  221
  197
  151
  165
  172
  177
  169
  140
  137
  185
  176
  162
  218
  175
  196
  173
  149
  136
  149
  135
  127
  116
  107
  108
  116
   90
   93
  104
  102
   86
  105
   91
   65
   77
   73
   61
   78
   65
   68
   52
   52
   48
   49
   44
   40
   44
   40
   52
   27
   40
   33
   31
   24
   35
   23
   19
   30
   22
   13
   22
   25
   36
   17
   27
   19
   17
   18
   12
    6
    1
    4
    2
    3
    5
    3
    3
    5
    7
   19
   18
   29
   39
   38
   46
   70
   92
  105
  201
  240
  227
  199
  176
  174
  201
  175
  163
  154
  177
  151
  128
  145
  192
  230
  260
  284
  200
  136
  119
   79
   64
   47
   48
   61
   39
   57
   61
   78
  101
   82
   93
   73
   41
   29
   21
   24
   18
   14
   27
   12
   21
    7
   11
   10
   12
   11
   12
    9
   10
    9
    8
   11
   10
   11
   13
    9
   12
   15
   11
   14
   16
    7
   17
   11
   16
   15
   18
   19
   17
   18
   22
   13
   19
   26
   22
   26
   27
   26
   29
   28
   30
   33
   29
   43
   31
   33
   38
   30
   25
   47
   35
   33
   42
   40
   47
   51
   60
   60
   64
   72
   71
   66
   98
   96
  127
  133
  152
  131
  171
  139
  145
  166
  152
  147
  139
  152
  156
  198
  184
  183
  207
  205
  199
  203
  203
  246
  289
  339
  295
  271
  307
  293
  288
  368
  412
  407
  334
  379
  405
  438
  423
  397
  401
  383
  416
  499
  519
  490
  523
  490
  530
  545
  587
  652
  588
  555
  586
  543
  485
  533
  615
  823
  680
  775
  732
  760
  749
  960
 1025
 1007
  958
  816
  776
  721
  705
  813
  852
 1002
 1048
  914
  916
  733
  672
  642
  578
  505
  469
  460
  404
  421
  415
  381
  520
  521
  536
  572
  572
  599
  585
  811
  675
  510
  394
  279
  241
  195
  141
  159
  142
  135
  110
   94
   88
   66
   62
   56
   31
   30
   34
   27
   26
   24
   18
    6
    8
    4
    4
    3
    1
    2
    1
    1
    0
    0
    0
    0
  730
  642
  785
  573
  368
  291
  266
  404
  505
  533
  651
  645
  889
  975
  789
  888
  822
  830
  842
  659
  504
  355
  304
  309
  311
  325
  333
  299
  308
  276
  255
  250
  328
  342
  225
  268
  170
  162
  179
  223
  243
  245
  182
  223
  170
  176
  120
  139
  127
  132
  135
  142
  153
  132
  120
  120
  114
  129
  124
  132
  181
  157
  156
  146
  176
  187
  208
  207
  181
  212
  216
  240
  229
  245
  242
  242
  213
  210
  222
  193
  211
  197
  202
  196
  158
  172
  182
  184
  173
  156
  214
  174
  184
  212
  233
  243
  245
  232
  243
  263
  264
  250
  275
  277
  270
  286
  309
  295
  353
  306
  310
  307
  296
  298
  281
  285
  320
  319
  288
  335
  291
  303
  314
  326
  272
  228
  292
  259
  265
  269
  264
  255
  264
  310
  263
  328
  327
  313
  333
  328
  384
  412
  428
  485
  418
  400
  419
  402
  325
  322
  292
  283
  216
  222
  204
  193
  200
  226
  213
  199
  199
  203
  252
  254
  302
  378
  292
  200
  167
  170
  126
  117
  119
  111
  121
  147
  171
  146
  138
  154
  168
  176
  208
  172
  184
  187
  158
  133
  158
  139
  133
  149
  132
  136
  157
  186
  184
  210
  178
  168
  116
  130
  129
  144
  130
  139
  148
  115
   98
   88
  117
   89
   73
   69
   69
  100
  110
  108
  121
  123
   67
   34
   28
   25
   21
   14
   17
   18
   13
    8
    8
    7
    7
    6
    6
   12
    7
    2
    2
    3
    1
    4
    2
    0
    2
    1
    0
    2
    0
    1
    2
    0
    0
    1
    1
    0
 2724
 1964
  872
  870
  753
  573
  576
  573
  628
  457
  573
  672
  489
  444
  477
  525
  586
  586
  562
  490
  303
  239
  199
  177
  190
  198
  158
  170
  144
  185
  168
  170
  174
  151
  160
  141
  157
  175
  199
  172
  215
  206
  215
  218
  214
  189
  158
  168
  187
  162
  130
  126
  111
   87
   80
   70
   60
   62
   54
   68
   70
   74
   62
   66
   81
   91
   89
   99
   94
   81
   87
   76
   87
   80
   66
   55
   74
   57
   55
   68
   61
   61
   50
   40
   45
   53
   44
   60
   67
   43
   55
   61
   53
   53
   57
   60
   53
   60
   58
   43
   58
   86
   77
   85
   80
   75
   88
  107
   94
   95
   89
  106
   99
  110
  121
  106
  128
  135
  137
  122
  144
  133
  134
  152
  146
  130
  162
  133
  133
  109
  135
  145
  142
  120
  155
  168
  183
  186
  184
  223
  227
  199
  246
  246
  241
  314
  386
  673
  432
  358
  324
  322
  321
  619
  538
  493
  378
  339
  310
  342
  434
  413
  673
  514
  426
  385
  395
  387
  625
  989
 1064
  987
  820
  566
  571
  579
  720
  953
  671
  690
  663
  436
  448
  402
  418
  484
  479
  501
  498
  453
  402
  384
  325
  225
  151
  136
   98
   99
   85
   77
   86
   77
   78
   66
   57
   64
   55
   42
   58
   49
   49
   52
   45
   42
   35
   42
   31
   28
   31
   26
   29
   18
   23
   22
   16
    8
   16
   11
   14
   14
   14
    8
   11
    8
   10
    3
    1
    2
    3
    2
    0
    1
    5
    0
    0
    1
    1
    1
    1
    2
    0
    0
    0
    0
    0
    0
    0
    0
    0
    0
    0
    0
    0
    0
    1
    0
    4
    4
    1
    3
    2
    2
    5
    1
    3
    8
    5
    4
    8
    9
   14
   23
   14
   17
   14
   22
   18
   25
   30
   23
   31
   37
   31
   43
   33
   40
   31
   47
   52
   46
   57
   41
   45
   64
   58
   79
   60
   62
   79
   67
   88
   87
   78
   90
   85
   84
   69
   84
  106
   95
  100
   98
  106
   73
  101
  105
  115
  120
  114
  133
  160
  201
  203
  220
  243
  269
  320
  264
  250
  306
  282
  264
  282
  293
  254
  234
  249
  270
  296
  261
  260
  282
  296
  311
  318
  319
  344
  374
  418
  368
  432
  401
  377
  436
  367
  490
  462
  476
  493
  500
  484
  472
  433
  457
  403
  486
  515
  495
  547
  514
  491
  495
  523
  527
  505
  506
  526
  452
  489
  505
  467
  492
  485
  498
  519
  561
  514
  541
  497
  534
  537
  582
  649
  648
  561
  539
  485
  540
  606
  597
  674
  652
  605
  593
  638
  588
  631
  581
  497
  424
  362
  357
  307
  344
  350
  367
  365
  355
  375
  362
  366
  355
  338
  346
  322
  299
  294
  317
  313
  350
  319
  346
  375
  351
  410
  334
  313
  317
  294
  273
  268
  214
  232
  225
  227
  228
  281
  285
  212
  197
  203
  201
  165
  148
  154
  130
  120
  104
  103
   93
   94
   92
   91
   94
   86
   74
   49
   63
   46
   47
   36
   28
   27
   22
   15
   17
   12
   18
   13
   12
   14
   12
    8
   10
    7
    5
    7
   10
    3
    4
    3
    1
    5
    0
    4
    3
    1
    0
    2
    0
    0
    0
   34
   49
   56
   22
   33
   32
   23
   36
   34
   42
   56
   62
   74
   77
   57
   69
   78
   91
  118
  196
  222
  219
  270
  330
  350
  405
  388
  321
  221
  178
  191
  142
  116
  143
  156
  167
  142
  101
   88
   86
   82
   91
   80
  111
  114
   99
   93
   87
   76
   97
   84
   79
   99
   70
   74
   63
   59
   53
   53
   50
   31
   26
   36
   38
   26
   35
   27
   25
   23
   29
   24
   21
   16
   19
   20
   17
   15
   13
   23
   21
   12
    8
    7
   14
    4
   15
    8
    9
    6
    9
    8
   10
   10
   18
   13
   10
   11
   14
    5
   13
    7
    8
    7
   13
   15
   13
    7
   10
    8
   16
   14
   26
   23
   28
   47
   44
   71
   77
   79
   94
  125
  185
  257
  258
  263
  217
  205
  214
  226
  223
  268
  249
  168
  221
  206
  214
  216
  220
  226
  227
  214
  210
  183
  248
  263
  280
  305
  346
  381
  554
  497
  565
  470
  399
  371
  363
  386
  481
  554
  530
  413
  426
  372
  422
  403
  538
  599
  567
  515
  456
  387
  389
  445
  498
  520
  508
  526
  489
  403
  449
  460
  484
  560
  605
  564
  593
  526
  525
  609
  951
  901
  830
  918
  676
  666
  676
  751
  937
  944
  942
  915
  753
  864
  889
  930
 2031
 1126
  775
  568
  500
  459
  394
  430
  459
  427
  346
  244
  185
  147
  125
  118
  102
  108
   94
   86
   85
   75
   75
   63
   56
   59
   47
   40
   33
   35
   35
   23
   19
   11
   11
   10
    8
    8
    5
    5
    3
    1
    1
    0
    0
    0
    1
    0
    0
    0
    0
